  3.8000000e+002  1.2307221e-004  7.6920128e-005  9.8201925e-005
  3.8100000e+002  1.4701232e-004  9.2090238e-005  1.1736496e-004
  3.8200000e+002  1.7095244e-004  1.0726035e-004  1.3652799e-004
  3.8300000e+002  1.9489255e-004  1.2243046e-004  1.5569103e-004
  3.8400000e+002  2.1883267e-004  1.3760057e-004  1.7485407e-004
  3.8500000e+002  2.4277278e-004  1.5277068e-004  1.9401710e-004
  3.8600000e+002  2.9195995e-004  1.8446950e-004  2.3411241e-004
  3.8700000e+002  3.4114712e-004  2.1616832e-004  2.7420771e-004
  3.8800000e+002  3.9033428e-004  2.4786715e-004  3.1430302e-004
  3.8900000e+002  4.3952145e-004  2.7956597e-004  3.5439832e-004
  3.9000000e+002  4.8870862e-004  3.1126479e-004  3.9449363e-004
  3.9100000e+002  5.7877313e-004  3.7033116e-004  4.6800018e-004
  3.9200000e+002  6.6883763e-004  4.2939753e-004  5.4150673e-004
  3.9300000e+002  7.5890214e-004  4.8846390e-004  6.1501327e-004
  3.9400000e+002  8.4896664e-004  5.4753027e-004  6.8851982e-004
  3.9500000e+002  9.3903115e-004  6.0659664e-004  7.6202637e-004
  3.9600000e+002  1.0897260e-003  7.0675501e-004  8.8851562e-004
  3.9700000e+002  1.2404208e-003  8.0691338e-004  1.0150049e-003
  3.9800000e+002  1.3911156e-003  9.0707176e-004  1.1414941e-003
  3.9900000e+002  1.5418104e-003  1.0072301e-003  1.2679834e-003
  4.0000000e+002  1.6925052e-003  1.1073885e-003  1.3944726e-003
  4.0100000e+002  1.9126801e-003  1.2584397e-003  1.5803715e-003
  4.0200000e+002  2.1328551e-003  1.4094909e-003  1.7662704e-003
  4.0300000e+002  2.3530300e-003  1.5605422e-003  1.9521694e-003
  4.0400000e+002  2.5732050e-003  1.7115934e-003  2.1380683e-003
  4.0500000e+002  2.7933799e-003  1.8626446e-003  2.3239672e-003
  4.0600000e+002  3.1128970e-003  2.0918711e-003  2.5969421e-003
  4.0700000e+002  3.4324140e-003  2.3210976e-003  2.8699169e-003
  4.0800000e+002  3.7519311e-003  2.5503240e-003  3.1428918e-003
  4.0900000e+002  4.0714481e-003  2.7795505e-003  3.4158666e-003
  4.1000000e+002  4.3909652e-003  3.0087770e-003  3.6888415e-003
  4.1100000e+002  4.8936651e-003  3.3818541e-003  4.1231876e-003
  4.1200000e+002  5.3963649e-003  3.7549312e-003  4.5575337e-003
  4.1300000e+002  5.8990648e-003  4.1280083e-003  4.9918797e-003
  4.1400000e+002  6.4017646e-003  4.5010854e-003  5.4262258e-003
  4.1500000e+002  6.9044645e-003  4.8741625e-003  5.8605719e-003
  4.1600000e+002  7.5403584e-003  5.3823944e-003  6.3958761e-003
  4.1700000e+002  8.1762523e-003  5.8906262e-003  6.9311803e-003
  4.1800000e+002  8.8121462e-003  6.3988581e-003  7.4664844e-003
  4.1900000e+002  9.4480401e-003  6.9070899e-003  8.0017886e-003
  4.2000000e+002  1.0083934e-002  7.4153218e-003  8.5370928e-003
  4.2100000e+002  1.0612336e-002  7.9225183e-003  8.9356820e-003
  4.2200000e+002  1.1140738e-002  8.4297147e-003  9.3342713e-003
  4.2300000e+002  1.1669140e-002  8.9369112e-003  9.7328605e-003
  4.2400000e+002  1.2197542e-002  9.4441076e-003  1.0131450e-002
  4.2500000e+002  1.2725944e-002  9.9513041e-003  1.0530039e-002
  4.2600000e+002  1.3151942e-002  1.0449671e-002  1.0774476e-002
  4.2700000e+002  1.3577940e-002  1.0948038e-002  1.1018912e-002
  4.2800000e+002  1.4003939e-002  1.1446406e-002  1.1263349e-002
  4.2900000e+002  1.4429937e-002  1.1944773e-002  1.1507785e-002
  4.3000000e+002  1.4855935e-002  1.2443140e-002  1.1752222e-002
  4.3100000e+002  1.5304621e-002  1.3051218e-002  1.1932299e-002
  4.3200000e+002  1.5753307e-002  1.3659296e-002  1.2112376e-002
  4.3300000e+002  1.6201994e-002  1.4267375e-002  1.2292452e-002
  4.3400000e+002  1.6650680e-002  1.4875453e-002  1.2472529e-002
  4.3500000e+002  1.7099366e-002  1.5483531e-002  1.2652606e-002
  4.3600000e+002  1.7515505e-002  1.6130516e-002  1.2711907e-002
  4.3700000e+002  1.7931644e-002  1.6777501e-002  1.2771208e-002
  4.3800000e+002  1.8347784e-002  1.7424485e-002  1.2830510e-002
  4.3900000e+002  1.8763923e-002  1.8071470e-002  1.2889811e-002
  4.4000000e+002  1.9180062e-002  1.8718455e-002  1.2949112e-002
  4.4100000e+002  1.9469677e-002  1.9326976e-002  1.2871523e-002
  4.4200000e+002  1.9759292e-002  1.9935496e-002  1.2793934e-002
  4.4300000e+002  2.0048907e-002  2.0544017e-002  1.2716345e-002
  4.4400000e+002  2.0338522e-002  2.1152537e-002  1.2638756e-002
  4.4500000e+002  2.0628137e-002  2.1761058e-002  1.2561167e-002
  4.4600000e+002  2.0875616e-002  2.2395394e-002  1.2406587e-002
  4.4700000e+002  2.1123094e-002  2.3029731e-002  1.2252007e-002
  4.4800000e+002  2.1370573e-002  2.3664067e-002  1.2097428e-002
  4.4900000e+002  2.1618051e-002  2.4298404e-002  1.1942848e-002
  4.5000000e+002  2.1865530e-002  2.4932740e-002  1.1788268e-002
  4.5100000e+002  2.2181853e-002  2.5680751e-002  1.1631766e-002
  4.5200000e+002  2.2498177e-002  2.6428761e-002  1.1475264e-002
  4.5300000e+002  2.2814500e-002  2.7176772e-002  1.1318763e-002
  4.5400000e+002  2.3130824e-002  2.7924782e-002  1.1162261e-002
  4.5500000e+002  2.3447147e-002  2.8672793e-002  1.1005759e-002
  4.5600000e+002  2.4008210e-002  2.9687243e-002  1.0873891e-002
  4.5700000e+002  2.4569272e-002  3.0701693e-002  1.0742023e-002
  4.5800000e+002  2.5130335e-002  3.1716144e-002  1.0610154e-002
  4.5900000e+002  2.5691397e-002  3.2730594e-002  1.0478286e-002
  4.6000000e+002  2.6252460e-002  3.3745044e-002  1.0346418e-002
  4.6100000e+002  2.7320410e-002  3.5265359e-002  1.0256564e-002
  4.6200000e+002  2.8388360e-002  3.6785674e-002  1.0166709e-002
  4.6300000e+002  2.9456309e-002  3.8305989e-002  1.0076855e-002
  4.6400000e+002  3.0524259e-002  3.9826304e-002  9.9870008e-003
  4.6500000e+002  3.1592209e-002  4.1346619e-002  9.8971465e-003
  4.6600000e+002  3.3258861e-002  4.3287395e-002  9.7020259e-003
  4.6700000e+002  3.4925512e-002  4.5228171e-002  9.5069053e-003
  4.6800000e+002  3.6592164e-002  4.7168948e-002  9.3117848e-003
  4.6900000e+002  3.8258815e-002  4.9109724e-002  9.1166642e-003
  4.7000000e+002  3.9925467e-002  5.1050500e-002  8.9215436e-003
  4.7100000e+002  4.2128164e-002  5.3219811e-002  8.6466545e-003
  4.7200000e+002  4.4330861e-002  5.5389123e-002  8.3717654e-003
  4.7300000e+002  4.6533557e-002  5.7558434e-002  8.0968764e-003
  4.7400000e+002  4.8736254e-002  5.9727746e-002  7.8219873e-003
  4.7500000e+002  5.0938951e-002  6.1897057e-002  7.5470982e-003
  4.7600000e+002  5.3736700e-002  6.4334977e-002  7.2487228e-003
  4.7700000e+002  5.6534449e-002  6.6772897e-002  6.9503473e-003
  4.7800000e+002  5.9332199e-002  6.9210817e-002  6.6519719e-003
  4.7900000e+002  6.2129948e-002  7.1648737e-002  6.3535964e-003
  4.8000000e+002  6.4927697e-002  7.4086657e-002  6.0552210e-003
  4.8100000e+002  6.8308438e-002  7.6875703e-002  5.7835972e-003
  4.8200000e+002  7.1689180e-002  7.9664748e-002  5.5119734e-003
  4.8300000e+002  7.5069921e-002  8.2453794e-002  5.2403497e-003
  4.8400000e+002  7.8450663e-002  8.5242839e-002  4.9687259e-003
  4.8500000e+002  8.1831404e-002  8.8031885e-002  4.6971021e-003
  4.8600000e+002  8.6108465e-002  9.1384480e-002  4.4736107e-003
  4.8700000e+002  9.0385526e-002  9.4737075e-002  4.2501194e-003
  4.8800000e+002  9.4662588e-002  9.8089670e-002  4.0266280e-003
  4.8900000e+002  9.8939649e-002  1.0144227e-001  3.8031367e-003
  4.9000000e+002  1.0321671e-001  1.0479486e-001  3.5796453e-003
  4.9100000e+002  1.0881857e-001  1.0920469e-001  3.4102538e-003
  4.9200000e+002  1.1442044e-001  1.1361452e-001  3.2408623e-003
  4.9300000e+002  1.2002230e-001  1.1802436e-001  3.0714707e-003
  4.9400000e+002  1.2562417e-001  1.2243419e-001  2.9020792e-003
  4.9500000e+002  1.3122603e-001  1.2684402e-001  2.7326877e-003
  4.9600000e+002  1.3847968e-001  1.3257376e-001  2.6096663e-003
  4.9700000e+002  1.4573333e-001  1.3830349e-001  2.4866449e-003
  4.9800000e+002  1.5298699e-001  1.4403323e-001  2.3636236e-003
  4.9900000e+002  1.6024064e-001  1.4976296e-001  2.2406022e-003
  5.0000000e+002  1.6749429e-001  1.5549270e-001  2.1175808e-003
  5.0100000e+002  1.7674975e-001  1.6271632e-001  2.0239781e-003
  5.0200000e+002  1.8600521e-001  1.6993994e-001  1.9303754e-003
  5.0300000e+002  1.9526068e-001  1.7716357e-001  1.8367726e-003
  5.0400000e+002  2.0451614e-001  1.8438719e-001  1.7431699e-003
  5.0500000e+002  2.1377160e-001  1.9161081e-001  1.6495672e-003
  5.0600000e+002  2.2492860e-001  1.9997393e-001  1.5670824e-003
  5.0700000e+002  2.3608561e-001  2.0833705e-001  1.4845976e-003
  5.0800000e+002  2.4724261e-001  2.1670017e-001  1.4021129e-003
  5.0900000e+002  2.5839962e-001  2.2506329e-001  1.3196281e-003
  5.1000000e+002  2.6955662e-001  2.3342641e-001  1.2371433e-003
  5.1100000e+002  2.8189135e-001  2.4211183e-001  1.1646228e-003
  5.1200000e+002  2.9422608e-001  2.5079724e-001  1.0921022e-003
  5.1300000e+002  3.0656080e-001  2.5948266e-001  1.0195817e-003
  5.1400000e+002  3.1889553e-001  2.6816807e-001  9.4706118e-004
  5.1500000e+002  3.3123026e-001  2.7685349e-001  8.7454065e-004
  5.1600000e+002  3.4358375e-001  2.8487852e-001  8.2232275e-004
  5.1700000e+002  3.5593723e-001  2.9290355e-001  7.7010486e-004
  5.1800000e+002  3.6829072e-001  3.0092858e-001  7.1788696e-004
  5.1900000e+002  3.8064420e-001  3.0895361e-001  6.6566907e-004
  5.2000000e+002  3.9299769e-001  3.1697864e-001  6.1345117e-004
  5.2100000e+002  4.0383366e-001  3.2316060e-001  5.8083712e-004
  5.2200000e+002  4.1466964e-001  3.2934256e-001  5.4822308e-004
  5.2300000e+002  4.2550561e-001  3.3552452e-001  5.1560903e-004
  5.2400000e+002  4.3634159e-001  3.4170648e-001  4.8299499e-004
  5.2500000e+002  4.4717756e-001  3.4788844e-001  4.5038094e-004
  5.2600000e+002  4.5628374e-001  3.5216237e-001  4.2657369e-004
  5.2700000e+002  4.6538991e-001  3.5643629e-001  4.0276644e-004
  5.2800000e+002  4.7449609e-001  3.6071022e-001  3.7895918e-004
  5.2900000e+002  4.8360226e-001  3.6498414e-001  3.5515193e-004
  5.3000000e+002  4.9270844e-001  3.6925807e-001  3.3134468e-004
  5.3100000e+002  5.0043414e-001  3.7214084e-001  3.1209979e-004
  5.3200000e+002  5.0815984e-001  3.7502361e-001  2.9285490e-004
  5.3300000e+002  5.1588553e-001  3.7790637e-001  2.7361001e-004
  5.3400000e+002  5.2361123e-001  3.8078914e-001  2.5436512e-004
  5.3500000e+002  5.3133693e-001  3.8367191e-001  2.3512023e-004
  5.3600000e+002  5.3764663e-001  3.8515252e-001  2.2020320e-004
  5.3700000e+002  5.4395633e-001  3.8663313e-001  2.0528618e-004
  5.3800000e+002  5.5026602e-001  3.8811373e-001  1.9036915e-004
  5.3900000e+002  5.5657572e-001  3.8959434e-001  1.7545213e-004
  5.4000000e+002  5.6288542e-001  3.9107495e-001  1.6053510e-004
  5.4100000e+002  5.6791718e-001  3.9125164e-001  1.4975411e-004
  5.4200000e+002  5.7294895e-001  3.9142834e-001  1.3897312e-004
  5.4300000e+002  5.7798071e-001  3.9160503e-001  1.2819213e-004
  5.4400000e+002  5.8301248e-001  3.9178173e-001  1.1741114e-004
  5.4500000e+002  5.8804424e-001  3.9195842e-001  1.0663015e-004
  5.4600000e+002  5.9199240e-001  3.9099152e-001  9.9373339e-005
  5.4700000e+002  5.9594056e-001  3.9002462e-001  9.2116528e-005
  5.4800000e+002  5.9988871e-001  3.8905771e-001  8.4859718e-005
  5.4900000e+002  6.0383687e-001  3.8809081e-001  7.7602907e-005
  5.5000000e+002  6.0778503e-001  3.8712391e-001  7.0346096e-005
  5.5100000e+002  6.1080850e-001  3.8513189e-001  6.5660272e-005
  5.5200000e+002  6.1383197e-001  3.8313987e-001  6.0974448e-005
  5.5300000e+002  6.1685545e-001  3.8114784e-001  5.6288623e-005
  5.5400000e+002  6.1987892e-001  3.7915582e-001  5.1602799e-005
  5.5500000e+002  6.2290239e-001  3.7716380e-001  4.6916975e-005
  5.5600000e+002  6.2491500e-001  3.7412961e-001  4.4020522e-005
  5.5700000e+002  6.2692761e-001  3.7109542e-001  4.1124069e-005
  5.5800000e+002  6.2894022e-001  3.6806124e-001  3.8227615e-005
  5.5900000e+002  6.3095283e-001  3.6502705e-001  3.5331162e-005
  5.6000000e+002  6.3296544e-001  3.6199286e-001  3.2434709e-005
  5.6100000e+002  6.3380479e-001  3.5790361e-001  3.0628351e-005
  5.6200000e+002  6.3464414e-001  3.5381437e-001  2.8821992e-005
  5.6300000e+002  6.3548350e-001  3.4972512e-001  2.7015634e-005
  5.6400000e+002  6.3632285e-001  3.4563588e-001  2.5209275e-005
  5.6500000e+002  6.3716220e-001  3.4154663e-001  2.3402917e-005
  5.6600000e+002  6.3683691e-001  3.3652073e-001  2.2370209e-005
  5.6700000e+002  6.3651163e-001  3.3149483e-001  2.1337501e-005
  5.6800000e+002  6.3618634e-001  3.2646894e-001  2.0304793e-005
  5.6900000e+002  6.3586106e-001  3.2144304e-001  1.9272085e-005
  5.7000000e+002  6.3553577e-001  3.1641714e-001  1.8239377e-005
  5.7100000e+002  6.3405475e-001  3.1061546e-001  1.7748396e-005
  5.7200000e+002  6.3257373e-001  3.0481379e-001  1.7257414e-005
  5.7300000e+002  6.3109271e-001  2.9901211e-001  1.6766433e-005
  5.7400000e+002  6.2961169e-001  2.9321044e-001  1.6275451e-005
  5.7500000e+002  6.2813067e-001  2.8740876e-001  1.5784470e-005
  5.7600000e+002  6.2542664e-001  2.8099632e-001  1.5521719e-005
  5.7700000e+002  6.2272261e-001  2.7458388e-001  1.5258968e-005
  5.7800000e+002  6.2001859e-001  2.6817143e-001  1.4996217e-005
  5.7900000e+002  6.1731456e-001  2.6175899e-001  1.4733466e-005
  5.8000000e+002  6.1461053e-001  2.5534655e-001  1.4470715e-005
  5.8100000e+002  6.1065638e-001  2.4854933e-001  1.4051485e-005
  5.8200000e+002  6.0670223e-001  2.4175211e-001  1.3632256e-005
  5.8300000e+002  6.0274807e-001  2.3495488e-001  1.3213026e-005
  5.8400000e+002  5.9879392e-001  2.2815766e-001  1.2793797e-005
  5.8500000e+002  5.9483977e-001  2.2136044e-001  1.2374567e-005
  5.8600000e+002  5.8983380e-001  2.1452009e-001  1.1877807e-005
  5.8700000e+002  5.8482783e-001  2.0767974e-001  1.1381047e-005
  5.8800000e+002  5.7982185e-001  2.0083939e-001  1.0884287e-005
  5.8900000e+002  5.7481588e-001  1.9399904e-001  1.0387528e-005
  5.9000000e+002  5.6980991e-001  1.8715869e-001  9.8907677e-006
  5.9100000e+002  5.6393655e-001  1.8060003e-001  9.7031788e-006
  5.9200000e+002  5.5806320e-001  1.7404138e-001  9.5155898e-006
  5.9300000e+002  5.5218984e-001  1.6748272e-001  9.3280009e-006
  5.9400000e+002  5.4631649e-001  1.6092407e-001  9.1404119e-006
  5.9500000e+002  5.4044313e-001  1.5436541e-001  8.9528230e-006
  5.9600000e+002  5.3362431e-001  1.4841703e-001  8.6131000e-006
  5.9700000e+002  5.2680550e-001  1.4246865e-001  8.2733770e-006
  5.9800000e+002  5.1998668e-001  1.3652028e-001  7.9336539e-006
  5.9900000e+002  5.1316787e-001  1.3057190e-001  7.5939309e-006
  6.0000000e+002  5.0634905e-001  1.2462352e-001  7.2542079e-006
  6.0100000e+002  4.9876638e-001  1.1931570e-001  6.9162249e-006
  6.0200000e+002  4.9118372e-001  1.1400788e-001  6.5782420e-006
  6.0300000e+002  4.8360105e-001  1.0870006e-001  6.2402590e-006
  6.0400000e+002  4.7601839e-001  1.0339224e-001  5.9022761e-006
  6.0500000e+002  4.6843572e-001  9.8084414e-002  5.5642931e-006
  6.0600000e+002  4.6017456e-001  9.3636638e-002  5.1384555e-006
  6.0700000e+002  4.5191340e-001  8.9188861e-002  4.7126178e-006
  6.0800000e+002  4.4365225e-001  8.4741085e-002  4.2867802e-006
  6.0900000e+002  4.3539109e-001  8.0293308e-002  3.8609425e-006
  6.1000000e+002  4.2712993e-001  7.5845532e-002  3.4351049e-006
  6.1100000e+002  4.1849665e-001  7.2224777e-002  3.2577902e-006
  6.1200000e+002  4.0986338e-001  6.8604022e-002  3.0804755e-006
  6.1300000e+002  4.0123010e-001  6.4983268e-002  2.9031609e-006
  6.1400000e+002  3.9259683e-001  6.1362513e-002  2.7258462e-006
  6.1500000e+002  3.8396355e-001  5.7741758e-002  2.5485315e-006
  6.1600000e+002  3.7472623e-001  5.4835322e-002  2.4489065e-006
  6.1700000e+002  3.6548891e-001  5.1928885e-002  2.3492815e-006
  6.1800000e+002  3.5625158e-001  4.9022449e-002  2.2496566e-006
  6.1900000e+002  3.4701426e-001  4.6116012e-002  2.1500316e-006
  6.2000000e+002  3.3777694e-001  4.3209576e-002  2.0504066e-006
  6.2100000e+002  3.2799257e-001  4.0898481e-002  1.8915024e-006
  6.2200000e+002  3.1820819e-001  3.8587386e-002  1.7325981e-006
  6.2300000e+002  3.0842382e-001  3.6276292e-002  1.5736939e-006
  6.2400000e+002  2.9863944e-001  3.3965197e-002  1.4147896e-006
  6.2500000e+002  2.8885507e-001  3.1654102e-002  1.2558854e-006
  6.2600000e+002  2.7950575e-001  2.9899113e-002  1.1612140e-006
  6.2700000e+002  2.7015643e-001  2.8144124e-002  1.0665425e-006
  6.2800000e+002  2.6080712e-001  2.6389134e-002  9.7187109e-007
  6.2900000e+002  2.5145780e-001  2.4634145e-002  8.7719965e-007
  6.3000000e+002  2.4210848e-001  2.2879156e-002  7.8252821e-007
  6.3100000e+002  2.3381409e-001  2.1578692e-002  7.3647111e-007
  6.3200000e+002  2.2551970e-001  2.0278228e-002  6.9041401e-007
  6.3300000e+002  2.1722531e-001  1.8977764e-002  6.4435692e-007
  6.3400000e+002  2.0893092e-001  1.7677300e-002  5.9829982e-007
  6.3500000e+002  2.0063653e-001  1.6376836e-002  5.5224272e-007
  6.3600000e+002  1.9318982e-001  1.5419664e-002  5.2376136e-007
  6.3700000e+002  1.8574311e-001  1.4462492e-002  4.9527999e-007
  6.3800000e+002  1.7829641e-001  1.3505320e-002  4.6679863e-007
  6.3900000e+002  1.7084970e-001  1.2548148e-002  4.3831726e-007
  6.4000000e+002  1.6340299e-001  1.1590976e-002  4.0983590e-007
  6.4100000e+002  1.5672578e-001  1.0892426e-002  3.8556662e-007
  6.4200000e+002  1.5004858e-001  1.0193877e-002  3.6129734e-007
  6.4300000e+002  1.4337137e-001  9.4953272e-003  3.3702805e-007
  6.4400000e+002  1.3669417e-001  8.7967776e-003  3.1275877e-007
  6.4500000e+002  1.3001696e-001  8.0982280e-003  2.8848949e-007
  6.4600000e+002  1.2428106e-001  7.6100966e-003  2.6962093e-007
  6.4700000e+002  1.1854516e-001  7.1219651e-003  2.5075237e-007
  6.4800000e+002  1.1280926e-001  6.6338337e-003  2.3188381e-007
  6.4900000e+002  1.0707336e-001  6.1457022e-003  2.1301525e-007
  6.5000000e+002  1.0133746e-001  5.6575708e-003  1.9414669e-007
  6.5100000e+002  9.6605638e-002  5.3201837e-003  1.8241490e-007
  6.5200000e+002  9.1873816e-002  4.9827966e-003  1.7068311e-007
  6.5300000e+002  8.7141995e-002  4.6454095e-003  1.5895132e-007
  6.5400000e+002  8.2410173e-002  4.3080224e-003  1.4721953e-007
  6.5500000e+002  7.7678351e-002  3.9706353e-003  1.3548774e-007
  6.5600000e+002  7.3783137e-002  3.7355960e-003  1.2746367e-007
  6.5700000e+002  6.9887923e-002  3.5005567e-003  1.1943961e-007
  6.5800000e+002  6.5992708e-002  3.2655175e-003  1.1141554e-007
  6.5900000e+002  6.2097494e-002  3.0304782e-003  1.0339148e-007
  6.6000000e+002  5.8202280e-002  2.7954389e-003  9.5367413e-008
  6.6100000e+002  5.5044248e-002  2.6189644e-003  8.9348423e-008
  6.6200000e+002  5.1886217e-002  2.4424898e-003  8.3329433e-008
  6.6300000e+002  4.8728185e-002  2.2660153e-003  7.7310443e-008
  6.6400000e+002  4.5570154e-002  2.0895407e-003  7.1291453e-008
  6.6500000e+002  4.2412122e-002  1.9130662e-003  6.5272463e-008
  6.6600000e+002  4.0066328e-002  1.7935222e-003  6.1190192e-008
  6.6700000e+002  3.7720535e-002  1.6739781e-003  5.7107921e-008
  6.6800000e+002  3.5374741e-002  1.5544341e-003  5.3025650e-008
  6.6900000e+002  3.3028948e-002  1.4348900e-003  4.8943379e-008
  6.7000000e+002  3.0683154e-002  1.3153460e-003  4.4861108e-008
  6.7100000e+002  2.9051266e-002  1.2380957e-003  4.2223790e-008
  6.7200000e+002  2.7419378e-002  1.1608455e-003  3.9586472e-008
  6.7300000e+002  2.5787490e-002  1.0835952e-003  3.6949153e-008
  6.7400000e+002  2.4155602e-002  1.0063450e-003  3.4311835e-008
  6.7500000e+002  2.2523714e-002  9.2909474e-004  3.1674517e-008
  6.7600000e+002  2.1287708e-002  8.7441423e-004  2.9811080e-008
  6.7700000e+002  2.0051703e-002  8.1973371e-004  2.7947643e-008
  6.7800000e+002  1.8815697e-002  7.6505320e-004  2.6084207e-008
  6.7900000e+002  1.7579692e-002  7.1037268e-004  2.4220770e-008
  6.8000000e+002  1.6343686e-002  6.5569217e-004  2.2357333e-008
  6.8100000e+002  1.5359180e-002  6.1462163e-004  2.0957858e-008
  6.8200000e+002  1.4374673e-002  5.7355109e-004  1.9558383e-008
  6.8300000e+002  1.3390167e-002  5.3248054e-004  1.8158907e-008
  6.8400000e+002  1.2405660e-002  4.9141000e-004  1.6759432e-008
  6.8500000e+002  1.1421154e-002  4.5033946e-004  1.5359957e-008
  6.8600000e+002  1.0717152e-002  4.2199357e-004  1.4392180e-008
  6.8700000e+002  1.0013150e-002  3.9364768e-004  1.3424403e-008
  6.8800000e+002  9.3091482e-003  3.6530178e-004  1.2456626e-008
  6.8900000e+002  8.6051463e-003  3.3695589e-004  1.1488849e-008
  6.9000000e+002  7.9011444e-003  3.0861000e-004  1.0521072e-008
  6.9100000e+002  7.4323401e-003  2.8988815e-004  9.8829792e-009
  6.9200000e+002  6.9635358e-003  2.7116630e-004  9.2448864e-009
  6.9300000e+002  6.4947315e-003  2.5244446e-004  8.6067937e-009
  6.9400000e+002  6.0259272e-003  2.3372261e-004  7.9687009e-009
  6.9500000e+002  5.5571229e-003  2.1500076e-004  7.3306081e-009
  6.9600000e+002  5.2356127e-003  2.0244799e-004  6.9020627e-009
  6.9700000e+002  4.9141024e-003  1.8989522e-004  6.4735172e-009
  6.9800000e+002  4.5925922e-003  1.7734246e-004  6.0449718e-009
  6.9900000e+002  4.2710819e-003  1.6478969e-004  5.6164263e-009
  7.0000000e+002  3.9495717e-003  1.5223692e-004  5.1878809e-009
  7.0100000e+002  3.7236715e-003  1.4357466e-004  4.8928621e-009
  7.0200000e+002  3.4977713e-003  1.3491240e-004  4.5978432e-009
  7.0300000e+002  3.2718711e-003  1.2625013e-004  4.3028244e-009
  7.0400000e+002  3.0459709e-003  1.1758787e-004  4.0078055e-009
  7.0500000e+002  2.8200707e-003  1.0892561e-004  3.7127867e-009
  7.0600000e+002  2.6585882e-003  1.0278889e-004  3.5037608e-009
  7.0700000e+002  2.4971057e-003  9.6652170e-005  3.2947349e-009
  7.0800000e+002  2.3356231e-003  9.0515450e-005  3.0857089e-009
  7.0900000e+002  2.1741406e-003  8.4378730e-005  2.8766830e-009
  7.1000000e+002  2.0126581e-003  7.8242010e-005  2.6676571e-009
  7.1100000e+002  1.8953596e-003  7.3787729e-005  2.5157710e-009
  7.1200000e+002  1.7780611e-003  6.9333448e-005  2.3638850e-009
  7.1300000e+002  1.6607627e-003  6.4879167e-005  2.2119989e-009
  7.1400000e+002  1.5434642e-003  6.0424886e-005  2.0601129e-009
  7.1500000e+002  1.4261657e-003  5.5970605e-005  1.9082268e-009
  7.1600000e+002  1.3423235e-003  5.2776484e-005  1.7993410e-009
  7.1700000e+002  1.2584814e-003  4.9582363e-005  1.6904552e-009
  7.1800000e+002  1.1746392e-003  4.6388243e-005  1.5815694e-009
  7.1900000e+002  1.0907971e-003  4.3194122e-005  1.4726836e-009
  7.2000000e+002  1.0069549e-003  4.0000001e-005  1.3637978e-009
  7.2100000e+002  9.4785248e-004  3.7735220e-005  1.2865937e-009
  7.2200000e+002  8.8875007e-004  3.5470438e-005  1.2093896e-009
  7.2300000e+002  8.2964765e-004  3.3205657e-005  1.1321856e-009
  7.2400000e+002  7.7054524e-004  3.0940875e-005  1.0549815e-009
  7.2500000e+002  7.1144282e-004  2.8676094e-005  9.7777741e-010
  7.2600000e+002  6.6905989e-004  2.7032257e-005  9.2176876e-010
  7.2700000e+002  6.2667697e-004  2.5388420e-005  8.6576012e-010
  7.2800000e+002  5.8429404e-004  2.3744582e-005  8.0975147e-010
  7.2900000e+002  5.4191112e-004  2.2100745e-005  7.5374283e-010
  7.3000000e+002  4.9952819e-004  2.0456908e-005  6.9773418e-010
  7.3100000e+002  4.6891884e-004  1.9252415e-005  6.5663831e-010
  7.3200000e+002  4.3830950e-004  1.8047922e-005  6.1554245e-010
  7.3300000e+002  4.0770015e-004  1.6843428e-005  5.7444658e-010
  7.3400000e+002  3.7709081e-004  1.5638935e-005  5.3335072e-010
  7.3500000e+002  3.4648146e-004  1.4434442e-005  4.9225485e-010
  7.3600000e+002  3.2499531e-004  1.3575470e-005  4.6294875e-010
  7.3700000e+002  3.0350915e-004  1.2716498e-005  4.3364266e-010
  7.3800000e+002  2.8202300e-004  1.1857525e-005  4.0433656e-010
  7.3900000e+002  2.6053684e-004  1.0998553e-005  3.7503047e-010
  7.4000000e+002  2.3905069e-004  1.0139581e-005  3.4572437e-010
  7.4100000e+002  2.2427370e-004  9.5388489e-006  3.2524710e-010
  7.4200000e+002  2.0949671e-004  8.9381168e-006  3.0476984e-010
  7.4300000e+002  1.9471973e-004  8.3373847e-006  2.8429257e-010
  7.4400000e+002  1.7994274e-004  7.7366526e-006  2.6381531e-010
  7.4500000e+002  1.6516575e-004  7.1359205e-006  2.4333804e-010
  7.4600000e+002  1.5511895e-004  6.7214345e-006  2.2919991e-010
  7.4700000e+002  1.4507215e-004  6.3069485e-006  2.1506178e-010
  7.4800000e+002  1.3502534e-004  5.8924625e-006  2.0092364e-010
  7.4900000e+002  1.2497854e-004  5.4779765e-006  1.8678551e-010
  7.5000000e+002  1.1493174e-004  5.0634905e-006  1.7264738e-010
  7.5100000e+002  1.0814110e-004  4.7785052e-006  1.6293780e-010
  7.5200000e+002  1.0135046e-004  4.4935198e-006  1.5322822e-010
  7.5300000e+002  9.4559827e-005  4.2085345e-006  1.4351865e-010
  7.5400000e+002  8.7769189e-005  3.9235491e-006  1.3380907e-010
  7.5500000e+002  8.0978551e-005  3.6385638e-006  1.2409949e-010
  7.5600000e+002  7.6256184e-005  3.4369046e-006  1.1722858e-010
  7.5700000e+002  7.1533817e-005  3.2352455e-006  1.1035767e-010
  7.5800000e+002  6.6811451e-005  3.0335863e-006  1.0348676e-010
  7.5900000e+002  6.2089084e-005  2.8319272e-006  9.6615855e-011
  7.6000000e+002  5.7366717e-005  2.6302680e-006  8.9744946e-011
  7.6100000e+002  5.4002424e-005  2.4840625e-006  8.4751929e-011
  7.6200000e+002  5.0638131e-005  2.3378571e-006  7.9758911e-011
  7.6300000e+002  4.7273838e-005  2.1916516e-006  7.4765894e-011
  7.6400000e+002  4.3909545e-005  2.0454462e-006  6.9772876e-011
  7.6500000e+002  4.0545252e-005  1.8992407e-006  6.4779859e-011
  7.6600000e+002  3.8162052e-005  1.7933417e-006  6.1169978e-011
  7.6700000e+002  3.5778852e-005  1.6874428e-006  5.7560097e-011
  7.6800000e+002  3.3395652e-005  1.5815438e-006  5.3950216e-011
  7.6900000e+002  3.1012452e-005  1.4756449e-006  5.0340335e-011
  7.7000000e+002  2.8629252e-005  1.3697459e-006  4.6730454e-011
  7.7100000e+002  2.6947577e-005  1.2934709e-006  4.4130420e-011
  7.7200000e+002  2.5265902e-005  1.2171959e-006  4.1530386e-011
  7.7300000e+002  2.3584228e-005  1.1409210e-006  3.8930352e-011
  7.7400000e+002  2.1902553e-005  1.0646460e-006  3.6330318e-011
  7.7500000e+002  2.0220878e-005  9.8837101e-007  3.3730284e-011
  7.7600000e+002  1.9031728e-005  9.3335279e-007  3.1851548e-011
  7.7700000e+002  1.7842578e-005  8.7833457e-007  2.9972812e-011
  7.7800000e+002  1.6653428e-005  8.2331636e-007  2.8094077e-011
  7.7900000e+002  1.5464278e-005  7.6829814e-007  2.6215341e-011
  7.8000000e+002  1.4275128e-005  7.1327992e-007  2.4336605e-011
  7.8100000e+002  1.3433966e-005  6.7348476e-007  2.2978822e-011
  7.8200000e+002  1.2592804e-005  6.3368960e-007  2.1621040e-011
  7.8300000e+002  1.1751641e-005  5.9389444e-007  2.0263257e-011
  7.8400000e+002  1.0910479e-005  5.5409928e-007  1.8905475e-011
  7.8500000e+002  1.0069317e-005  5.1430412e-007  1.7547692e-011
  7.8600000e+002  9.4744458e-006  4.8551460e-007  1.6565763e-011
  7.8700000e+002  8.8795745e-006  4.5672508e-007  1.5583834e-011
  7.8800000e+002  8.2847033e-006  4.2793556e-007  1.4601906e-011
  7.8900000e+002  7.6898320e-006  3.9914604e-007  1.3619977e-011
  7.9000000e+002  7.0949608e-006  3.7035652e-007  1.2638048e-011
  7.9100000e+002  6.6744961e-006  3.4955979e-007  1.1928380e-011
  7.9200000e+002  6.2540313e-006  3.2876306e-007  1.1218713e-011
  7.9300000e+002  5.8335666e-006  3.0796634e-007  1.0509045e-011
  7.9400000e+002  5.4131018e-006  2.8716961e-007  9.7993771e-012
  7.9500000e+002  4.9926371e-006  2.6637288e-007  9.0897094e-012
  7.9600000e+002  4.6963568e-006  2.5137990e-007  8.5784498e-012
  7.9700000e+002  4.4000766e-006  2.3638691e-007  8.0671902e-012
  7.9800000e+002  4.1037963e-006  2.2139393e-007  7.5559305e-012
  7.9900000e+002  3.8075161e-006  2.0640094e-007  7.0446709e-012
  8.0000000e+002  3.5112358e-006  1.9140796e-007  6.5334113e-012
  8.0100000e+002  3.3029694e-006  1.8064520e-007  6.1659115e-012
  8.0200000e+002  3.0947029e-006  1.6988244e-007  5.7984118e-012
  8.0300000e+002  2.8864365e-006  1.5911968e-007  5.4309120e-012
  8.0400000e+002  2.6781700e-006  1.4835692e-007  5.0634123e-012
  8.0500000e+002  2.4699036e-006  1.3759416e-007  4.6959125e-012
  8.0600000e+002  2.3234270e-006  1.2985322e-007  4.4317863e-012
  8.0700000e+002  2.1769505e-006  1.2211228e-007  4.1676601e-012
  8.0800000e+002  2.0304739e-006  1.1437134e-007  3.9035339e-012
  8.0900000e+002  1.8839974e-006  1.0663040e-007  3.6394077e-012
  8.1000000e+002  1.7375208e-006  9.8889459e-008  3.3752815e-012
  8.1100000e+002  1.6347820e-006  9.3336165e-008  3.1859385e-012
  8.1200000e+002  1.5320432e-006  8.7782871e-008  2.9965955e-012
  8.1300000e+002  1.4293045e-006  8.2229577e-008  2.8072525e-012
  8.1400000e+002  1.3265657e-006  7.6676283e-008  2.6179095e-012
  8.1500000e+002  1.2238269e-006  7.1122989e-008  2.4285665e-012
  8.1600000e+002  1.1510305e-006  6.7107551e-008  2.2913349e-012
  8.1700000e+002  1.0782340e-006  6.3092113e-008  2.1541033e-012
  8.1800000e+002  1.0054376e-006  5.9076674e-008  2.0168718e-012
  8.1900000e+002  9.3264111e-007  5.5061236e-008  1.8796402e-012
  8.2000000e+002  8.5984466e-007  5.1045798e-008  1.7424086e-012
  8.2100000e+002  8.0773455e-007  4.8100206e-008  1.6418517e-012
  8.2200000e+002  7.5562444e-007  4.5154614e-008  1.5412948e-012
  8.2300000e+002  7.0351432e-007  4.2209023e-008  1.4407379e-012
  8.2400000e+002  6.5140421e-007  3.9263431e-008  1.3401810e-012
  8.2500000e+002  5.9929410e-007  3.6317839e-008  1.2396241e-012
