  3.8000000e+002  1.2307221e-004  7.6920128e-005  9.8201925e-005
  3.8400000e+002  2.1883267e-004  1.3760057e-004  1.7485407e-004
  3.8800000e+002  3.9033428e-004  2.4786715e-004  3.1430302e-004
  3.9200000e+002  6.6883763e-004  4.2939753e-004  5.4150673e-004
  3.9600000e+002  1.0897260e-003  7.0675501e-004  8.8851562e-004
  4.0000000e+002  1.6925052e-003  1.1073885e-003  1.3944726e-003
  4.0400000e+002  2.5732050e-003  1.7115934e-003  2.1380683e-003
  4.0800000e+002  3.7519311e-003  2.5503240e-003  3.1428918e-003
  4.1200000e+002  5.3963649e-003  3.7549312e-003  4.5575337e-003
  4.1600000e+002  7.5403584e-003  5.3823944e-003  6.3958761e-003
  4.2000000e+002  1.0083934e-002  7.4153218e-003  8.5370928e-003
  4.2400000e+002  1.2197542e-002  9.4441076e-003  1.0131450e-002
  4.2800000e+002  1.4003939e-002  1.1446406e-002  1.1263349e-002
  4.3200000e+002  1.5753307e-002  1.3659296e-002  1.2112376e-002
  4.3600000e+002  1.7515505e-002  1.6130516e-002  1.2711907e-002
  4.4000000e+002  1.9180062e-002  1.8718455e-002  1.2949112e-002
  4.4400000e+002  2.0338522e-002  2.1152537e-002  1.2638756e-002
  4.4800000e+002  2.1370573e-002  2.3664067e-002  1.2097428e-002
  4.5200000e+002  2.2498177e-002  2.6428761e-002  1.1475264e-002
  4.5600000e+002  2.4008210e-002  2.9687243e-002  1.0873891e-002
  4.6000000e+002  2.6252460e-002  3.3745044e-002  1.0346418e-002
  4.6400000e+002  3.0524259e-002  3.9826304e-002  9.9870008e-003
  4.6800000e+002  3.6592164e-002  4.7168948e-002  9.3117848e-003
  4.7200000e+002  4.4330861e-002  5.5389123e-002  8.3717654e-003
  4.7600000e+002  5.3736700e-002  6.4334977e-002  7.2487228e-003
  4.8000000e+002  6.4927697e-002  7.4086657e-002  6.0552210e-003
  4.8400000e+002  7.8450663e-002  8.5242839e-002  4.9687259e-003
  4.8800000e+002  9.4662588e-002  9.8089670e-002  4.0266280e-003
  4.9200000e+002  1.1442044e-001  1.1361452e-001  3.2408623e-003
  4.9600000e+002  1.3847968e-001  1.3257376e-001  2.6096663e-003
  5.0000000e+002  1.6749429e-001  1.5549270e-001  2.1175808e-003
  5.0400000e+002  2.0451614e-001  1.8438719e-001  1.7431699e-003
  5.0800000e+002  2.4724261e-001  2.1670017e-001  1.4021129e-003
  5.1200000e+002  2.9422608e-001  2.5079724e-001  1.0921022e-003
  5.1600000e+002  3.4358375e-001  2.8487852e-001  8.2232275e-004
  5.2000000e+002  3.9299769e-001  3.1697864e-001  6.1345117e-004
  5.2400000e+002  4.3634159e-001  3.4170648e-001  4.8299499e-004
  5.2800000e+002  4.7449609e-001  3.6071022e-001  3.7895918e-004
  5.3200000e+002  5.0815984e-001  3.7502361e-001  2.9285490e-004
  5.3600000e+002  5.3764663e-001  3.8515252e-001  2.2020320e-004
  5.4000000e+002  5.6288542e-001  3.9107495e-001  1.6053510e-004
  5.4400000e+002  5.8301248e-001  3.9178173e-001  1.1741114e-004
  5.4800000e+002  5.9988871e-001  3.8905771e-001  8.4859718e-005
  5.5200000e+002  6.1383197e-001  3.8313987e-001  6.0974448e-005
  5.5600000e+002  6.2491500e-001  3.7412961e-001  4.4020522e-005
  5.6000000e+002  6.3296544e-001  3.6199286e-001  3.2434709e-005
  5.6400000e+002  6.3632285e-001  3.4563588e-001  2.5209275e-005
  5.6800000e+002  6.3618634e-001  3.2646894e-001  2.0304793e-005
  5.7200000e+002  6.3257373e-001  3.0481379e-001  1.7257414e-005
  5.7600000e+002  6.2542664e-001  2.8099632e-001  1.5521719e-005
  5.8000000e+002  6.1461053e-001  2.5534655e-001  1.4470715e-005
  5.8400000e+002  5.9879392e-001  2.2815766e-001  1.2793797e-005
  5.8800000e+002  5.7982185e-001  2.0083939e-001  1.0884287e-005
  5.9200000e+002  5.5806320e-001  1.7404138e-001  9.5155898e-006
  5.9600000e+002  5.3362431e-001  1.4841703e-001  8.6131000e-006
  6.0000000e+002  5.0634905e-001  1.2462352e-001  7.2542079e-006
  6.0400000e+002  4.7601839e-001  1.0339224e-001  5.9022761e-006
  6.0800000e+002  4.4365225e-001  8.4741085e-002  4.2867802e-006
  6.1200000e+002  4.0986338e-001  6.8604022e-002  3.0804755e-006
  6.1600000e+002  3.7472623e-001  5.4835322e-002  2.4489065e-006
  6.2000000e+002  3.3777694e-001  4.3209576e-002  2.0504066e-006
  6.2400000e+002  2.9863944e-001  3.3965197e-002  1.4147896e-006
  6.2800000e+002  2.6080712e-001  2.6389134e-002  9.7187109e-007
  6.3200000e+002  2.2551970e-001  2.0278228e-002  6.9041401e-007
  6.3600000e+002  1.9318982e-001  1.5419664e-002  5.2376136e-007
  6.4000000e+002  1.6340299e-001  1.1590976e-002  4.0983590e-007
  6.4400000e+002  1.3669417e-001  8.7967776e-003  3.1275877e-007
  6.4800000e+002  1.1280926e-001  6.6338337e-003  2.3188381e-007
  6.5200000e+002  9.1873816e-002  4.9827966e-003  1.7068311e-007
  6.5600000e+002  7.3783137e-002  3.7355960e-003  1.2746367e-007
  6.6000000e+002  5.8202280e-002  2.7954389e-003  9.5367413e-008
  6.6400000e+002  4.5570154e-002  2.0895407e-003  7.1291453e-008
  6.6800000e+002  3.5374741e-002  1.5544341e-003  5.3025650e-008
  6.7200000e+002  2.7419378e-002  1.1608455e-003  3.9586472e-008
  6.7600000e+002  2.1287708e-002  8.7441423e-004  2.9811080e-008
  6.8000000e+002  1.6343686e-002  6.5569217e-004  2.2357333e-008
  6.8400000e+002  1.2405660e-002  4.9141000e-004  1.6759432e-008
  6.8800000e+002  9.3091482e-003  3.6530178e-004  1.2456626e-008
  6.9200000e+002  6.9635358e-003  2.7116630e-004  9.2448864e-009
  6.9600000e+002  5.2356127e-003  2.0244799e-004  6.9020627e-009
  7.0000000e+002  3.9495717e-003  1.5223692e-004  5.1878809e-009
  7.0400000e+002  3.0459709e-003  1.1758787e-004  4.0078055e-009
  7.0800000e+002  2.3356231e-003  9.0515450e-005  3.0857089e-009
  7.1200000e+002  1.7780611e-003  6.9333448e-005  2.3638850e-009
  7.1600000e+002  1.3423235e-003  5.2776484e-005  1.7993410e-009
  7.2000000e+002  1.0069549e-003  4.0000001e-005  1.3637978e-009
  7.2400000e+002  7.7054524e-004  3.0940875e-005  1.0549815e-009
  7.2800000e+002  5.8429404e-004  2.3744582e-005  8.0975147e-010
  7.3200000e+002  4.3830950e-004  1.8047922e-005  6.1554245e-010
  7.3600000e+002  3.2499531e-004  1.3575470e-005  4.6294875e-010
  7.4000000e+002  2.3905069e-004  1.0139581e-005  3.4572437e-010
  7.4400000e+002  1.7994274e-004  7.7366526e-006  2.6381531e-010
  7.4800000e+002  1.3502534e-004  5.8924625e-006  2.0092364e-010
  7.5200000e+002  1.0135046e-004  4.4935198e-006  1.5322822e-010
  7.5600000e+002  7.6256184e-005  3.4369046e-006  1.1722858e-010
  7.6000000e+002  5.7366717e-005  2.6302680e-006  8.9744946e-011
  7.6400000e+002  4.3909545e-005  2.0454462e-006  6.9772876e-011
  7.6800000e+002  3.3395652e-005  1.5815438e-006  5.3950216e-011
  7.7200000e+002  2.5265902e-005  1.2171959e-006  4.1530386e-011
  7.7600000e+002  1.9031728e-005  9.3335279e-007  3.1851548e-011
  7.8000000e+002  1.4275128e-005  7.1327992e-007  2.4336605e-011
