  3.8000000e+002  1.2307221e-004  7.6920128e-005  9.8201925e-005
  3.8500000e+002  2.4277278e-004  1.5277068e-004  1.9401710e-004
  3.9000000e+002  4.8870862e-004  3.1126479e-004  3.9449363e-004
  3.9500000e+002  9.3903115e-004  6.0659664e-004  7.6202637e-004
  4.0000000e+002  1.6925052e-003  1.1073885e-003  1.3944726e-003
  4.0500000e+002  2.7933799e-003  1.8626446e-003  2.3239672e-003
  4.1000000e+002  4.3909652e-003  3.0087770e-003  3.6888415e-003
  4.1500000e+002  6.9044645e-003  4.8741625e-003  5.8605719e-003
  4.2000000e+002  1.0083934e-002  7.4153218e-003  8.5370928e-003
  4.2500000e+002  1.2725944e-002  9.9513041e-003  1.0530039e-002
  4.3000000e+002  1.4855935e-002  1.2443140e-002  1.1752222e-002
  4.3500000e+002  1.7099366e-002  1.5483531e-002  1.2652606e-002
  4.4000000e+002  1.9180062e-002  1.8718455e-002  1.2949112e-002
  4.4500000e+002  2.0628137e-002  2.1761058e-002  1.2561167e-002
  4.5000000e+002  2.1865530e-002  2.4932740e-002  1.1788268e-002
  4.5500000e+002  2.3447147e-002  2.8672793e-002  1.1005759e-002
  4.6000000e+002  2.6252460e-002  3.3745044e-002  1.0346418e-002
  4.6500000e+002  3.1592209e-002  4.1346619e-002  9.8971465e-003
  4.7000000e+002  3.9925467e-002  5.1050500e-002  8.9215436e-003
  4.7500000e+002  5.0938951e-002  6.1897057e-002  7.5470982e-003
  4.8000000e+002  6.4927697e-002  7.4086657e-002  6.0552210e-003
  4.8500000e+002  8.1831404e-002  8.8031885e-002  4.6971021e-003
  4.9000000e+002  1.0321671e-001  1.0479486e-001  3.5796453e-003
  4.9500000e+002  1.3122603e-001  1.2684402e-001  2.7326877e-003
  5.0000000e+002  1.6749429e-001  1.5549270e-001  2.1175808e-003
  5.0500000e+002  2.1377160e-001  1.9161081e-001  1.6495672e-003
  5.1000000e+002  2.6955662e-001  2.3342641e-001  1.2371433e-003
  5.1500000e+002  3.3123026e-001  2.7685349e-001  8.7454065e-004
  5.2000000e+002  3.9299769e-001  3.1697864e-001  6.1345117e-004
  5.2500000e+002  4.4717756e-001  3.4788844e-001  4.5038094e-004
  5.3000000e+002  4.9270844e-001  3.6925807e-001  3.3134468e-004
  5.3500000e+002  5.3133693e-001  3.8367191e-001  2.3512023e-004
  5.4000000e+002  5.6288542e-001  3.9107495e-001  1.6053510e-004
  5.4500000e+002  5.8804424e-001  3.9195842e-001  1.0663015e-004
  5.5000000e+002  6.0778503e-001  3.8712391e-001  7.0346096e-005
  5.5500000e+002  6.2290239e-001  3.7716380e-001  4.6916975e-005
  5.6000000e+002  6.3296544e-001  3.6199286e-001  3.2434709e-005
  5.6500000e+002  6.3716220e-001  3.4154663e-001  2.3402917e-005
  5.7000000e+002  6.3553577e-001  3.1641714e-001  1.8239377e-005
  5.7500000e+002  6.2813067e-001  2.8740876e-001  1.5784470e-005
  5.8000000e+002  6.1461053e-001  2.5534655e-001  1.4470715e-005
  5.8500000e+002  5.9483977e-001  2.2136044e-001  1.2374567e-005
  5.9000000e+002  5.6980991e-001  1.8715869e-001  9.8907677e-006
  5.9500000e+002  5.4044313e-001  1.5436541e-001  8.9528230e-006
  6.0000000e+002  5.0634905e-001  1.2462352e-001  7.2542079e-006
  6.0500000e+002  4.6843572e-001  9.8084414e-002  5.5642931e-006
  6.1000000e+002  4.2712993e-001  7.5845532e-002  3.4351049e-006
  6.1500000e+002  3.8396355e-001  5.7741758e-002  2.5485315e-006
  6.2000000e+002  3.3777694e-001  4.3209576e-002  2.0504066e-006
  6.2500000e+002  2.8885507e-001  3.1654102e-002  1.2558854e-006
  6.3000000e+002  2.4210848e-001  2.2879156e-002  7.8252821e-007
  6.3500000e+002  2.0063653e-001  1.6376836e-002  5.5224272e-007
  6.4000000e+002  1.6340299e-001  1.1590976e-002  4.0983590e-007
  6.4500000e+002  1.3001696e-001  8.0982280e-003  2.8848949e-007
  6.5000000e+002  1.0133746e-001  5.6575708e-003  1.9414669e-007
  6.5500000e+002  7.7678351e-002  3.9706353e-003  1.3548774e-007
  6.6000000e+002  5.8202280e-002  2.7954389e-003  9.5367413e-008
  6.6500000e+002  4.2412122e-002  1.9130662e-003  6.5272463e-008
  6.7000000e+002  3.0683154e-002  1.3153460e-003  4.4861108e-008
  6.7500000e+002  2.2523714e-002  9.2909474e-004  3.1674517e-008
  6.8000000e+002  1.6343686e-002  6.5569217e-004  2.2357333e-008
  6.8500000e+002  1.1421154e-002  4.5033946e-004  1.5359957e-008
  6.9000000e+002  7.9011444e-003  3.0861000e-004  1.0521072e-008
  6.9500000e+002  5.5571229e-003  2.1500076e-004  7.3306081e-009
  7.0000000e+002  3.9495717e-003  1.5223692e-004  5.1878809e-009
  7.0500000e+002  2.8200707e-003  1.0892561e-004  3.7127867e-009
  7.1000000e+002  2.0126581e-003  7.8242010e-005  2.6676571e-009
  7.1500000e+002  1.4261657e-003  5.5970605e-005  1.9082268e-009
  7.2000000e+002  1.0069549e-003  4.0000001e-005  1.3637978e-009
  7.2500000e+002  7.1144282e-004  2.8676094e-005  9.7777741e-010
  7.3000000e+002  4.9952819e-004  2.0456908e-005  6.9773418e-010
  7.3500000e+002  3.4648146e-004  1.4434442e-005  4.9225485e-010
  7.4000000e+002  2.3905069e-004  1.0139581e-005  3.4572437e-010
  7.4500000e+002  1.6516575e-004  7.1359205e-006  2.4333804e-010
  7.5000000e+002  1.1493174e-004  5.0634905e-006  1.7264738e-010
  7.5500000e+002  8.0978551e-005  3.6385638e-006  1.2409949e-010
  7.6000000e+002  5.7366717e-005  2.6302680e-006  8.9744946e-011
  7.6500000e+002  4.0545252e-005  1.8992407e-006  6.4779859e-011
  7.7000000e+002  2.8629252e-005  1.3697459e-006  4.6730454e-011
  7.7500000e+002  2.0220878e-005  9.8837101e-007  3.3730284e-011
  7.8000000e+002  1.4275128e-005  7.1327992e-007  2.4336605e-011
  7.8500000e+002  1.0069317e-005  5.1430412e-007  1.7547692e-011
  7.9000000e+002  7.0949608e-006  3.7035652e-007  1.2638048e-011
  7.9500000e+002  4.9926371e-006  2.6637288e-007  9.0897094e-012
  8.0000000e+002  3.5112358e-006  1.9140796e-007  6.5334113e-012
  8.0500000e+002  2.4699036e-006  1.3759416e-007  4.6959125e-012
  8.1000000e+002  1.7375208e-006  9.8889459e-008  3.3752815e-012
  8.1500000e+002  1.2238269e-006  7.1122989e-008  2.4285665e-012
  8.2000000e+002  8.5984466e-007  5.1045798e-008  1.7424086e-012
  8.2500000e+002  5.9929410e-007  3.6317839e-008  1.2396241e-012
