380	0	0	0
381	0	0	0
382	0	0	0
383	0	0	0
384	0	0	0
385	0	0	0
386	0	0	0
387	0	0	0
388	0	0	0
389	0	0	0
390	4.15E-04	3.68E-04	9.55E-03
391	5.03E-04	4.48E-04	1.15E-02
392	6.07E-04	5.44E-04	1.38E-02
393	7.32E-04	6.59E-04	1.66E-02
394	8.79E-04	7.96E-04	1.99E-02
395	1.05E-03	9.59E-04	2.38E-02
396	1.25E-03	1.15E-03	2.85E-02
397	1.49E-03	1.37E-03	3.40E-02
398	1.76E-03	1.63E-03	4.04E-02
399	2.06E-03	1.93E-03	4.79E-02
400	2.41E-03	2.27E-03	5.66E-02
401	2.80E-03	2.65E-03	6.67E-02
402	3.23E-03	3.08E-03	7.81E-02
403	3.71E-03	3.56E-03	9.12E-02
404	4.24E-03	4.10E-03	1.06E-01
405	4.83E-03	4.70E-03	1.22E-01
406	5.49E-03	5.37E-03	1.41E-01
407	6.22E-03	6.12E-03	1.61E-01
408	7.01E-03	6.94E-03	1.83E-01
409	7.85E-03	7.83E-03	2.07E-01
410	8.72E-03	8.79E-03	2.33E-01
411	9.62E-03	9.82E-03	2.60E-01
412	1.05E-02	1.09E-02	2.89E-01
413	1.15E-02	1.21E-02	3.19E-01
414	1.24E-02	1.33E-02	3.49E-01
415	1.34E-02	1.45E-02	3.81E-01
416	1.44E-02	1.59E-02	4.14E-01
417	1.54E-02	1.72E-02	4.47E-01
418	1.64E-02	1.87E-02	4.80E-01
419	1.75E-02	2.02E-02	5.13E-01
420	1.84E-02	2.17E-02	5.44E-01
421	1.94E-02	2.32E-02	5.72E-01
422	2.03E-02	2.47E-02	5.99E-01
423	2.12E-02	2.63E-02	6.25E-01
424	2.20E-02	2.79E-02	6.50E-01
425	2.29E-02	2.96E-02	6.74E-01
426	2.39E-02	3.13E-02	7.00E-01
427	2.49E-02	3.32E-02	7.26E-01
428	2.60E-02	3.52E-02	7.53E-01
429	2.71E-02	3.73E-02	7.78E-01
430	2.82E-02	3.95E-02	8.03E-01
431	2.93E-02	4.18E-02	8.25E-01
432	3.05E-02	4.42E-02	8.45E-01
433	3.17E-02	4.66E-02	8.65E-01
434	3.29E-02	4.92E-02	8.84E-01
435	3.41E-02	5.18E-02	9.04E-01
436	3.54E-02	5.45E-02	9.24E-01
437	3.66E-02	5.71E-02	9.44E-01
438	3.79E-02	5.97E-02	9.63E-01
439	3.91E-02	6.23E-02	9.79E-01
440	4.03E-02	6.48E-02	9.91E-01
441	4.13E-02	6.71E-02	9.98E-01
442	4.23E-02	6.94E-02	1.00E+00
443	4.32E-02	7.16E-02	9.99E-01
444	4.40E-02	7.37E-02	9.96E-01
445	4.49E-02	7.59E-02	9.92E-01
446	4.59E-02	7.81E-02	9.87E-01
447	4.68E-02	8.04E-02	9.83E-01
448	4.78E-02	8.26E-02	9.76E-01
449	4.89E-02	8.49E-02	9.68E-01
450	4.99E-02	8.71E-02	9.55E-01
451	5.09E-02	8.92E-02	9.39E-01
452	5.19E-02	9.13E-02	9.21E-01
453	5.29E-02	9.34E-02	9.01E-01
454	5.41E-02	9.57E-02	8.80E-01
455	5.53E-02	9.82E-02	8.60E-01
456	5.68E-02	1.01E-01	8.42E-01
457	5.84E-02	1.04E-01	8.26E-01
458	6.02E-02	1.08E-01	8.11E-01
459	6.23E-02	1.12E-01	7.98E-01
460	6.47E-02	1.16E-01	7.87E-01
461	6.74E-02	1.21E-01	7.77E-01
462	7.04E-02	1.27E-01	7.68E-01
463	7.36E-02	1.32E-01	7.60E-01
464	7.71E-02	1.38E-01	7.50E-01
465	8.07E-02	1.45E-01	7.38E-01
466	8.44E-02	1.51E-01	7.24E-01
467	8.81E-02	1.57E-01	7.08E-01
468	9.19E-02	1.63E-01	6.90E-01
469	9.57E-02	1.70E-01	6.69E-01
470	9.95E-02	1.76E-01	6.46E-01
471	1.03E-01	1.82E-01	6.22E-01
472	1.07E-01	1.88E-01	5.97E-01
473	1.11E-01	1.94E-01	5.70E-01
474	1.15E-01	2.00E-01	5.43E-01
475	1.19E-01	2.05E-01	5.16E-01
476	1.23E-01	2.11E-01	4.90E-01
477	1.27E-01	2.17E-01	4.63E-01
478	1.31E-01	2.23E-01	4.38E-01
479	1.36E-01	2.30E-01	4.14E-01
480	1.40E-01	2.36E-01	3.90E-01
481	1.45E-01	2.42E-01	3.68E-01
482	1.49E-01	2.49E-01	3.48E-01
483	1.54E-01	2.55E-01	3.28E-01
484	1.59E-01	2.62E-01	3.09E-01
485	1.64E-01	2.68E-01	2.90E-01
486	1.69E-01	2.75E-01	2.73E-01
487	1.74E-01	2.81E-01	2.56E-01
488	1.79E-01	2.88E-01	2.40E-01
489	1.85E-01	2.96E-01	2.25E-01
490	1.92E-01	3.04E-01	2.12E-01
491	1.99E-01	3.13E-01	2.00E-01
492	2.06E-01	3.23E-01	1.89E-01
493	2.14E-01	3.33E-01	1.79E-01
494	2.23E-01	3.45E-01	1.69E-01
495	2.33E-01	3.57E-01	1.61E-01
496	2.43E-01	3.70E-01	1.52E-01
497	2.54E-01	3.83E-01	1.45E-01
498	2.65E-01	3.97E-01	1.37E-01
499	2.77E-01	4.12E-01	1.30E-01
500	2.89E-01	4.28E-01	1.23E-01
501	3.02E-01	4.44E-01	1.16E-01
502	3.16E-01	4.61E-01	1.09E-01
503	3.30E-01	4.79E-01	1.02E-01
504	3.44E-01	4.97E-01	9.54E-02
505	3.60E-01	5.16E-01	8.89E-02
506	3.76E-01	5.35E-01	8.25E-02
507	3.92E-01	5.55E-01	7.65E-02
508	4.09E-01	5.75E-01	7.08E-02
509	4.26E-01	5.95E-01	6.55E-02
510	4.44E-01	6.16E-01	6.08E-02
511	4.62E-01	6.36E-01	5.66E-02
512	4.80E-01	6.57E-01	5.28E-02
513	4.99E-01	6.78E-01	4.92E-02
514	5.18E-01	6.98E-01	4.59E-02
515	5.36E-01	7.19E-01	4.28E-02
516	5.55E-01	7.40E-01	3.98E-02
517	5.74E-01	7.60E-01	3.69E-02
518	5.93E-01	7.80E-01	3.42E-02
519	6.11E-01	7.99E-01	3.16E-02
520	6.29E-01	8.17E-01	2.92E-02
521	6.45E-01	8.33E-01	2.70E-02
522	6.61E-01	8.48E-01	2.49E-02
523	6.76E-01	8.61E-01	2.29E-02
524	6.91E-01	8.74E-01	2.11E-02
525	7.05E-01	8.86E-01	1.94E-02
526	7.19E-01	8.97E-01	1.78E-02
527	7.32E-01	9.08E-01	1.64E-02
528	7.46E-01	9.18E-01	1.50E-02
529	7.58E-01	9.27E-01	1.37E-02
530	7.71E-01	9.36E-01	1.26E-02
531	7.82E-01	9.43E-01	1.15E-02
532	7.93E-01	9.50E-01	1.06E-02
533	8.04E-01	9.57E-01	9.68E-03
534	8.15E-01	9.63E-01	8.86E-03
535	8.26E-01	9.69E-01	8.09E-03
536	8.37E-01	9.75E-01	7.39E-03
537	8.48E-01	9.81E-01	6.74E-03
538	8.60E-01	9.86E-01	6.14E-03
539	8.71E-01	9.91E-01	5.59E-03
540	8.81E-01	9.95E-01	5.09E-03
541	8.90E-01	9.98E-01	4.63E-03
542	8.99E-01	1.00E+00	4.21E-03
543	9.07E-01	1.00E+00	3.83E-03
544	9.13E-01	9.99E-01	3.49E-03
545	9.19E-01	9.97E-01	3.17E-03
546	9.24E-01	9.94E-01	2.88E-03
547	9.28E-01	9.90E-01	2.62E-03
548	9.32E-01	9.86E-01	2.38E-03
549	9.36E-01	9.81E-01	2.16E-03
550	9.40E-01	9.77E-01	1.96E-03
551	9.45E-01	9.73E-01	1.78E-03
552	9.50E-01	9.70E-01	1.61E-03
553	9.56E-01	9.66E-01	1.46E-03
554	9.61E-01	9.62E-01	1.33E-03
555	9.66E-01	9.57E-01	1.20E-03
556	9.70E-01	9.50E-01	1.09E-03
557	9.73E-01	9.43E-01	9.90E-04
558	9.76E-01	9.35E-01	8.99E-04
559	9.79E-01	9.26E-01	8.16E-04
560	9.81E-01	9.18E-01	7.40E-04
561	9.84E-01	9.09E-01	6.72E-04
562	9.87E-01	9.01E-01	6.10E-04
563	9.90E-01	8.92E-01	5.53E-04
564	9.92E-01	8.83E-01	5.02E-04
565	9.94E-01	8.73E-01	4.56E-04
566	9.96E-01	8.63E-01	4.14E-04
567	9.98E-01	8.51E-01	3.76E-04
568	9.99E-01	8.39E-01	3.41E-04
569	1.00E+00	8.27E-01	3.10E-04
570	1.00E+00	8.14E-01	2.82E-04
571	1.00E+00	8.00E-01	2.56E-04
572	9.99E-01	7.86E-01	2.33E-04
573	9.98E-01	7.72E-01	2.12E-04
574	9.95E-01	7.56E-01	1.92E-04
575	9.92E-01	7.40E-01	1.75E-04
576	9.88E-01	7.23E-01	1.59E-04
577	9.83E-01	7.06E-01	1.45E-04
578	9.78E-01	6.88E-01	1.32E-04
579	9.74E-01	6.71E-01	1.20E-04
580	9.69E-01	6.53E-01	1.09E-04
581	9.66E-01	6.37E-01	9.97E-05
582	9.64E-01	6.20E-01	9.09E-05
583	9.61E-01	6.04E-01	8.29E-05
584	9.59E-01	5.88E-01	7.56E-05
585	9.56E-01	5.73E-01	6.90E-05
586	9.52E-01	5.57E-01	6.30E-05
587	9.47E-01	5.41E-01	5.75E-05
588	9.41E-01	5.25E-01	5.25E-05
589	9.35E-01	5.09E-01	4.80E-05
590	9.28E-01	4.93E-01	4.39E-05
591	9.20E-01	4.76E-01	4.02E-05
592	9.12E-01	4.60E-01	3.67E-05
593	9.04E-01	4.44E-01	3.36E-05
594	8.95E-01	4.27E-01	3.08E-05
595	8.86E-01	4.11E-01	2.82E-05
596	8.76E-01	3.95E-01	2.59E-05
597	8.66E-01	3.80E-01	2.37E-05
598	8.56E-01	3.64E-01	2.18E-05
599	8.45E-01	3.49E-01	2.00E-05
600	8.34E-01	3.34E-01	1.83E-05
601	8.23E-01	3.20E-01	1.69E-05
602	8.11E-01	3.06E-01	1.55E-05
603	8.00E-01	2.92E-01	1.42E-05
604	7.88E-01	2.78E-01	1.31E-05
605	7.75E-01	2.65E-01	1.21E-05
606	7.62E-01	2.52E-01	1.11E-05
607	7.48E-01	2.40E-01	1.02E-05
608	7.34E-01	2.28E-01	9.44E-06
609	7.20E-01	2.16E-01	8.71E-06
610	7.06E-01	2.05E-01	8.03E-06
611	6.91E-01	1.95E-01	7.42E-06
612	6.76E-01	1.84E-01	6.85E-06
613	6.61E-01	1.75E-01	6.33E-06
614	6.46E-01	1.65E-01	5.86E-06
615	6.31E-01	1.56E-01	5.42E-06
616	6.15E-01	1.48E-01	0.00E+00
617	6.00E-01	1.39E-01	0.00E+00
618	5.84E-01	1.31E-01	0.00E+00
619	5.69E-01	1.24E-01	0.00E+00
620	5.54E-01	1.17E-01	0.00E+00
621	5.39E-01	1.10E-01	0.00E+00
622	5.25E-01	1.03E-01	0.00E+00
623	5.10E-01	9.70E-02	0.00E+00
624	4.95E-01	9.11E-02	0.00E+00
625	4.80E-01	8.56E-02	0.00E+00
626	4.64E-01	8.03E-02	0.00E+00
627	4.48E-01	7.54E-02	0.00E+00
628	4.32E-01	7.07E-02	0.00E+00
629	4.16E-01	6.63E-02	0.00E+00
630	4.01E-01	6.21E-02	0.00E+00
631	3.85E-01	5.82E-02	0.00E+00
632	3.70E-01	5.44E-02	0.00E+00
633	3.56E-01	5.09E-02	0.00E+00
634	3.42E-01	4.76E-02	0.00E+00
635	3.28E-01	4.45E-02	0.00E+00
636	3.15E-01	4.16E-02	0.00E+00
637	3.02E-01	3.88E-02	0.00E+00
638	2.89E-01	3.62E-02	0.00E+00
639	2.77E-01	3.38E-02	0.00E+00
640	2.66E-01	3.14E-02	0.00E+00
641	2.55E-01	2.92E-02	0.00E+00
642	2.44E-01	2.71E-02	0.00E+00
643	2.34E-01	2.52E-02	0.00E+00
644	2.23E-01	2.34E-02	0.00E+00
645	2.13E-01	2.18E-02	0.00E+00
646	2.03E-01	2.03E-02	0.00E+00
647	1.93E-01	1.90E-02	0.00E+00
648	1.84E-01	1.77E-02	0.00E+00
649	1.74E-01	1.66E-02	0.00E+00
650	1.65E-01	1.54E-02	0.00E+00
651	1.56E-01	1.44E-02	0.00E+00
652	1.48E-01	1.34E-02	0.00E+00
653	1.40E-01	1.24E-02	0.00E+00
654	1.32E-01	1.15E-02	0.00E+00
655	1.25E-01	1.07E-02	0.00E+00
656	1.18E-01	9.93E-03	0.00E+00
657	1.11E-01	9.20E-03	0.00E+00
658	1.05E-01	8.52E-03	0.00E+00
659	9.87E-02	7.89E-03	0.00E+00
660	9.30E-02	7.30E-03	0.00E+00
661	8.76E-02	6.76E-03	0.00E+00
662	8.24E-02	6.25E-03	0.00E+00
663	7.75E-02	5.79E-03	0.00E+00
664	7.29E-02	5.36E-03	0.00E+00
665	6.85E-02	4.97E-03	0.00E+00
666	6.44E-02	4.61E-03	0.00E+00
667	6.04E-02	4.28E-03	0.00E+00
668	5.67E-02	3.98E-03	0.00E+00
669	5.32E-02	3.70E-03	0.00E+00
670	4.99E-02	3.44E-03	0.00E+00
671	4.67E-02	3.19E-03	0.00E+00
672	4.38E-02	2.97E-03	0.00E+00
673	4.10E-02	2.76E-03	0.00E+00
674	3.83E-02	2.56E-03	0.00E+00
675	3.58E-02	2.38E-03	0.00E+00
676	3.35E-02	2.21E-03	0.00E+00
677	3.13E-02	2.05E-03	0.00E+00
678	2.92E-02	1.90E-03	0.00E+00
679	2.72E-02	1.76E-03	0.00E+00
680	2.54E-02	1.64E-03	0.00E+00
681	2.37E-02	1.52E-03	0.00E+00
682	2.20E-02	1.41E-03	0.00E+00
683	2.05E-02	1.31E-03	0.00E+00
684	1.91E-02	1.21E-03	0.00E+00
685	1.77E-02	1.12E-03	0.00E+00
686	1.64E-02	1.04E-03	0.00E+00
687	1.53E-02	9.60E-04	0.00E+00
688	1.41E-02	8.88E-04	0.00E+00
689	1.31E-02	8.22E-04	0.00E+00
690	1.22E-02	7.61E-04	0.00E+00
691	1.13E-02	7.06E-04	0.00E+00
692	1.05E-02	6.55E-04	0.00E+00
693	9.78E-03	6.08E-04	0.00E+00
694	9.10E-03	5.65E-04	0.00E+00
695	8.47E-03	5.25E-04	0.00E+00
696	7.88E-03	4.89E-04	0.00E+00
697	7.33E-03	4.54E-04	0.00E+00
698	6.82E-03	4.22E-04	0.00E+00
699	6.34E-03	3.93E-04	0.00E+00
700	5.90E-03	3.65E-04	0.00E+00
701	5.48E-03	3.40E-04	0.00E+00
702	5.10E-03	3.16E-04	0.00E+00
703	4.74E-03	2.94E-04	0.00E+00
704	4.41E-03	2.73E-04	0.00E+00
705	4.09E-03	2.53E-04	0.00E+00
706	3.80E-03	2.35E-04	0.00E+00
707	3.52E-03	2.18E-04	0.00E+00
708	3.27E-03	2.03E-04	0.00E+00
709	3.03E-03	1.88E-04	0.00E+00
710	2.80E-03	1.74E-04	0.00E+00
711	2.60E-03	1.62E-04	0.00E+00
712	2.41E-03	1.50E-04	0.00E+00
713	2.23E-03	1.40E-04	0.00E+00
714	2.07E-03	1.30E-04	0.00E+00
715	1.92E-03	1.21E-04	0.00E+00
716	1.78E-03	1.12E-04	0.00E+00
717	1.66E-03	1.04E-04	0.00E+00
718	1.54E-03	9.71E-05	0.00E+00
719	1.43E-03	9.04E-05	0.00E+00
720	1.33E-03	8.42E-05	0.00E+00
721	1.23E-03	7.84E-05	0.00E+00
722	1.14E-03	7.29E-05	0.00E+00
723	1.06E-03	6.79E-05	0.00E+00
724	9.88E-04	6.33E-05	0.00E+00
725	9.18E-04	5.89E-05	0.00E+00
726	8.53E-04	5.49E-05	0.00E+00
727	7.94E-04	5.12E-05	0.00E+00
728	7.38E-04	4.78E-05	0.00E+00
729	6.87E-04	4.46E-05	0.00E+00
730	6.39E-04	4.16E-05	0.00E+00
731	5.95E-04	3.88E-05	0.00E+00
732	5.54E-04	3.62E-05	0.00E+00
733	5.15E-04	3.38E-05	0.00E+00
734	4.79E-04	3.15E-05	0.00E+00
735	4.46E-04	2.94E-05	0.00E+00
736	4.15E-04	2.75E-05	0.00E+00
737	3.86E-04	2.56E-05	0.00E+00
738	3.59E-04	2.39E-05	0.00E+00
739	3.34E-04	2.23E-05	0.00E+00
740	3.11E-04	2.09E-05	0.00E+00
741	2.90E-04	1.95E-05	0.00E+00
742	2.70E-04	1.83E-05	0.00E+00
743	2.52E-04	1.71E-05	0.00E+00
744	2.35E-04	1.61E-05	0.00E+00
745	2.19E-04	1.50E-05	0.00E+00
746	2.05E-04	1.41E-05	0.00E+00
747	1.91E-04	1.32E-05	0.00E+00
748	1.78E-04	1.23E-05	0.00E+00
749	1.66E-04	1.16E-05	0.00E+00
750	1.55E-04	1.08E-05	0.00E+00
751	1.44E-04	1.01E-05	0.00E+00
752	1.35E-04	9.49E-06	0.00E+00
753	1.26E-04	8.90E-06	0.00E+00
754	1.17E-04	8.34E-06	0.00E+00
755	1.10E-04	7.82E-06	0.00E+00
756	1.02E-04	7.34E-06	0.00E+00
757	9.56E-05	6.89E-06	0.00E+00
758	8.93E-05	6.46E-06	0.00E+00
759	8.35E-05	6.06E-06	0.00E+00
760	7.80E-05	5.69E-06	0.00E+00
761	7.29E-05	5.34E-06	0.00E+00
762	6.81E-05	5.01E-06	0.00E+00
763	6.36E-05	4.70E-06	0.00E+00
764	5.95E-05	4.41E-06	0.00E+00
765	5.56E-05	4.14E-06	0.00E+00
766	5.20E-05	3.89E-06	0.00E+00
767	4.87E-05	3.65E-06	0.00E+00
768	4.56E-05	3.43E-06	0.00E+00
769	4.27E-05	3.22E-06	0.00E+00
770	3.99E-05	3.03E-06	0.00E+00
771	3.74E-05	2.84E-06	0.00E+00
772	3.49E-05	2.67E-06	0.00E+00
773	3.27E-05	2.50E-06	0.00E+00
774	3.06E-05	2.35E-06	0.00E+00
775	2.86E-05	2.21E-06	0.00E+00
776	2.68E-05	2.08E-06	0.00E+00
777	2.51E-05	1.96E-06	0.00E+00
778	2.36E-05	1.84E-06	0.00E+00
779	2.21E-05	1.74E-06	0.00E+00
780	2.07E-05	1.63E-06	0.00E+00
781	1.94E-05	1.54E-06	0.00E+00
782	1.82E-05	1.45E-06	0.00E+00
783	1.71E-05	1.36E-06	0.00E+00
784	1.60E-05	1.29E-06	0.00E+00
785	1.50E-05	1.21E-06	0.00E+00
786	1.41E-05	1.14E-06	0.00E+00
787	1.32E-05	1.07E-06	0.00E+00
788	1.24E-05	1.01E-06	0.00E+00
789	1.17E-05	9.54E-07	0.00E+00
790	1.09E-05	8.99E-07	0.00E+00
791	1.03E-05	8.47E-07	0.00E+00
792	9.64E-06	7.99E-07	0.00E+00
793	9.05E-06	7.53E-07	0.00E+00
794	8.50E-06	7.10E-07	0.00E+00
795	7.98E-06	6.70E-07	0.00E+00
796	7.49E-06	6.32E-07	0.00E+00
797	7.04E-06	5.97E-07	0.00E+00
798	6.62E-06	5.63E-07	0.00E+00
799	6.22E-06	5.32E-07	0.00E+00
800	5.85E-06	5.03E-07	0.00E+00
801	5.50E-06	4.76E-07	0.00E+00
802	5.18E-06	4.50E-07	0.00E+00
803	4.87E-06	4.25E-07	0.00E+00
804	4.58E-06	4.02E-07	0.00E+00
805	4.31E-06	3.80E-07	0.00E+00
806	4.05E-06	3.59E-07	0.00E+00
807	3.81E-06	3.39E-07	0.00E+00
808	3.58E-06	3.21E-07	0.00E+00
809	3.37E-06	3.03E-07	0.00E+00
810	3.17E-06	2.86E-07	0.00E+00
811	2.98E-06	2.71E-07	0.00E+00
812	2.81E-06	2.56E-07	0.00E+00
813	2.64E-06	2.42E-07	0.00E+00
814	2.49E-06	2.29E-07	0.00E+00
815	2.34E-06	2.17E-07	0.00E+00
816	2.21E-06	2.05E-07	0.00E+00
817	2.08E-06	1.94E-07	0.00E+00
818	1.96E-06	1.84E-07	0.00E+00
819	1.85E-06	1.74E-07	0.00E+00
820	1.75E-06	1.65E-07	0.00E+00
821	1.65E-06	1.56E-07	0.00E+00
822	1.55E-06	1.48E-07	0.00E+00
823	1.46E-06	1.40E-07	0.00E+00
824	1.38E-06	1.33E-07	0.00E+00
825	1.30E-06	1.26E-07	0.00E+00
826	1.23E-06	1.19E-07	0.00E+00
827	1.16E-06	1.12E-07	0.00E+00
828	1.09E-06	1.06E-07	0.00E+00
829	1.03E-06	1.01E-07	0.00E+00
830	9.74E-07	9.53E-08	0.00E+00