  3.8000000e+002  1.3680000e-003  3.9000000e-005  6.4500010e-003
  3.8400000e+002  1.9957570e-003  5.7176400e-005  9.4145440e-003
  3.8800000e+002  3.3008290e-003  9.3508160e-005  1.5588050e-002
  3.9200000e+002  5.3300480e-003  1.5149200e-004  2.5202880e-002
  3.9600000e+002  8.7513730e-003  2.4690670e-004  4.1437710e-002
  4.0000000e+002  1.4310000e-002  3.9600000e-004  6.7850010e-002
  4.0400000e+002  2.0748010e-002  5.7221870e-004  9.8540480e-002
  4.0800000e+002  3.3880920e-002  9.4116000e-004  1.6130350e-001
  4.1200000e+002  5.5022600e-002  1.5307520e-003  2.6261140e-001
  4.1600000e+002  8.6958110e-002  2.4548000e-003  4.1620910e-001
  4.2000000e+002  1.3438000e-001  4.0000000e-003  6.4560000e-001
  4.2400000e+002  1.9861100e-001  6.5461600e-003  9.5943900e-001
  4.2800000e+002  2.5877730e-001  9.7676800e-003  1.2581233e+000
  4.3200000e+002  3.0489650e-001  1.3582720e-002  1.4948035e+000
  4.3600000e+002  3.3435130e-001  1.8007360e-002  1.6564048e+000
  4.4000000e+002  3.4828000e-001  2.3000000e-002  1.7470600e+000
  4.4400000e+002  3.4928700e-001  2.8351250e-002  1.7804334e+000
  4.4800000e+002  3.4180880e-001  3.4521120e-002  1.7791982e+000
  4.5200000e+002  3.3004110e-001  4.1768000e-002  1.7640390e+000
  4.5600000e+002  3.1402510e-001  5.0243680e-002  1.7335595e+000
  4.6000000e+002  2.9080000e-001  6.0000000e-002  1.6692000e+000
  4.6400000e+002  2.6042270e-001  7.0911090e-002  1.5645280e+000
  4.6800000e+002  2.1840720e-001  8.3666800e-002  1.3898799e+000
  4.7200000e+002  1.7332730e-001  9.9045840e-002  1.1878243e+000
  4.7600000e+002  1.3217860e-001  1.1753200e-001  9.9419760e-001
  4.8000000e+002  9.5640000e-002  1.3902000e-001  8.1295010e-001
  4.8400000e+002  6.4580990e-002  1.6271770e-001  6.5210490e-001
  4.8800000e+002  4.1150880e-002  1.9127350e-001  5.2033760e-001
  4.9200000e+002  2.4144400e-002  2.2673450e-001  4.1618360e-001
  4.9600000e+002  1.2161790e-002  2.7018490e-001  3.3485780e-001
  5.0000000e+002  4.9000000e-003  3.2300000e-001  2.7200000e-001
  5.0400000e+002  2.2362930e-003  3.8928750e-001  2.2345330e-001
  5.0800000e+002  5.1748400e-003  4.6339440e-001  1.7922540e-001
  5.1200000e+002  1.5535880e-002  5.4451200e-001  1.3837580e-001
  5.1600000e+002  3.4814850e-002  6.2934560e-001  1.0390480e-001
  5.2000000e+002  6.3270000e-002  7.1000000e-001  7.8249990e-002
  5.2400000e+002  9.9456450e-002  7.7783680e-001  6.0788350e-002
  5.2800000e+002  1.4236790e-001  8.3630680e-001  4.7752760e-002
  5.3200000e+002  1.8914000e-001  8.8496240e-001  3.6935640e-002
  5.3600000e+002  2.3832090e-001  9.2373480e-001  2.7711810e-002
  5.4000000e+002  2.9040000e-001  9.5400000e-001  2.0300000e-002
  5.4400000e+002  3.4548280e-001  9.7602250e-001  1.4584610e-002
  5.4800000e+002  4.0337840e-001  9.9031280e-001  1.0377920e-002
  5.5200000e+002  4.6433600e-001  9.9809830e-001  7.3816000e-003
  5.5600000e+002  5.2829590e-001  9.9985670e-001  5.3036000e-003
  5.6000000e+002  5.9450000e-001  9.9500000e-001  3.9000000e-003
  5.6400000e+002  6.6156970e-001  9.8272410e-001  2.9348000e-003
  5.6800000e+002  7.2882840e-001  9.6385680e-001  2.3094000e-003
  5.7200000e+002  7.9482560e-001  9.3849920e-001  1.9482000e-003
  5.7600000e+002  8.5793250e-001  9.0700640e-001  1.7662670e-003
  5.8000000e+002  9.1630000e-001  8.7000000e-001  1.6500010e-003
  5.8400000e+002  9.6721790e-001  8.2758130e-001  1.4585330e-003
  5.8800000e+002  1.0090892e+000  7.8119200e-001  1.2050000e-003
  5.9200000e+002  1.0409860e+000  7.3242240e-001  1.0494000e-003
  5.9600000e+002  1.0597944e+000  6.8221920e-001  9.6864000e-004
  6.0000000e+002  1.0622000e+000  6.3100000e-001  8.0000000e-004
  6.0400000e+002  1.0509768e+000  5.7963790e-001  6.4544000e-004
  6.0800000e+002  1.0226662e+000  5.2835280e-001  4.3540000e-004
  6.1200000e+002  9.7933140e-001  4.7803040e-001  2.8316000e-004
  6.1600000e+002  9.2319400e-001  4.2908000e-001  2.2954670e-004
  6.2000000e+002  8.5444990e-001  3.8100000e-001  1.9000000e-004
  6.2400000e+002  7.7295400e-001  3.3281760e-001  1.1685330e-004
  6.2800000e+002  6.8560220e-001  2.8659360e-001  6.5000000e-005
  6.3200000e+002  6.0111380e-001  2.4488960e-001  3.9480000e-005
  6.3600000e+002  5.2259950e-001  2.0816160e-001  2.7653330e-005
  6.4000000e+002  4.4790000e-001  1.7500000e-001  2.0000000e-005
  6.4400000e+002  3.7753330e-001  1.4512590e-001  1.2133330e-005
  6.4800000e+002  3.1301920e-001  1.1877920e-001  3.2000000e-006
  6.5200000e+002  2.5611840e-001  9.6188640e-002  0.0000000e+000
  6.5600000e+002  2.0709710e-001  7.7120640e-002  0.0000000e+000
  6.6000000e+002  1.6490000e-001  6.1000000e-002  0.0000000e+000
  6.6400000e+002  1.2914670e-001  4.7549650e-002  0.0000000e+000
  6.6800000e+002  9.9690440e-002  3.6563840e-002  0.0000000e+000
  6.7200000e+002  7.6804280e-002  2.8076640e-002  0.0000000e+000
  6.7600000e+002  5.9806850e-002  2.1800770e-002  0.0000000e+000
  6.8000000e+002  4.6770000e-002  1.7000000e-002  0.0000000e+000
  6.8400000e+002  3.5404610e-002  1.2834780e-002  0.0000000e+000
  6.8800000e+002  2.6344840e-002  9.5333110e-003  0.0000000e+000
  6.9200000e+002  1.9599880e-002  7.0854240e-003  0.0000000e+000
  6.9600000e+002  1.4790640e-002  5.3430590e-003  0.0000000e+000
  7.0000000e+002  1.1359160e-002  4.1020000e-003  0.0000000e+000
  7.0400000e+002  8.6788540e-003  3.1340930e-003  0.0000000e+000
  7.0800000e+002  6.6273130e-003  2.3932440e-003  0.0000000e+000
  7.1200000e+002  5.0525830e-003  1.8245800e-003  0.0000000e+000
  7.1600000e+002  3.8339130e-003  1.3844960e-003  0.0000000e+000
  7.2000000e+002  2.8993270e-003  1.0470000e-003  0.0000000e+000
  7.2400000e+002  2.1966160e-003  7.9323840e-004  0.0000000e+000
  7.2800000e+002  1.6601100e-003  5.9949600e-004  0.0000000e+000
  7.3200000e+002  1.2462750e-003  4.5005280e-004  0.0000000e+000
  7.3600000e+002  9.2873580e-004  3.3538350e-004  0.0000000e+000
  7.4000000e+002  6.9007860e-004  2.4920000e-004  0.0000000e+000
  7.4400000e+002  5.1242900e-004  1.8504750e-004  0.0000000e+000
  7.4800000e+002  3.8298140e-004  1.3830160e-004  0.0000000e+000
  7.5200000e+002  2.8888710e-004  1.0432240e-004  0.0000000e+000
  7.5600000e+002  2.1917100e-004  7.9146670e-005  0.0000000e+000
  7.6000000e+002  1.6615050e-004  6.0000000e-005  0.0000000e+000
  7.6400000e+002  1.2585200e-004  4.5447470e-005  0.0000000e+000
  7.6800000e+002  9.5394450e-005  3.4448680e-005  0.0000000e+000
  7.7200000e+002  7.2313040e-005  2.6113560e-005  0.0000000e+000
  7.7600000e+002  5.4770280e-005  1.9778550e-005  0.0000000e+000
  7.8000000e+002  4.1509940e-005  1.4990000e-005  0.0000000e+000
