  3.8000000e+002  2.6899000e-003  2.0000000e-004  1.2260000e-002
  3.8100000e+002  3.2140200e-003  2.3911200e-004  1.4652400e-002
  3.8200000e+002  3.7381400e-003  2.7822400e-004  1.7044800e-002
  3.8300000e+002  4.2622600e-003  3.1733600e-004  1.9437200e-002
  3.8400000e+002  4.7863800e-003  3.5644800e-004  2.1829600e-002
  3.8500000e+002  5.3105000e-003  3.9556000e-004  2.4222000e-002
  3.8600000e+002  6.4046000e-003  4.7644800e-004  2.9227600e-002
  3.8700000e+002  7.4987000e-003  5.5733600e-004  3.4233200e-002
  3.8800000e+002  8.5928000e-003  6.3822400e-004  3.9238800e-002
  3.8900000e+002  9.6869000e-003  7.1911200e-004  4.4244400e-002
  3.9000000e+002  1.0781000e-002  8.0000000e-004  4.9250000e-002
  3.9100000e+002  1.2783200e-002  9.4914000e-004  5.8427000e-002
  3.9200000e+002  1.4785400e-002  1.0982800e-003  6.7604000e-002
  3.9300000e+002  1.6787600e-002  1.2474200e-003  7.6781000e-002
  3.9400000e+002  1.8789800e-002  1.3965600e-003  8.5958000e-002
  3.9500000e+002  2.0792000e-002  1.5457000e-003  9.5135000e-002
  3.9600000e+002  2.4229800e-002  1.7965600e-003  1.1092600e-001
  3.9700000e+002  2.7667600e-002  2.0474200e-003  1.2671700e-001
  3.9800000e+002  3.1105400e-002  2.2982800e-003  1.4250800e-001
  3.9900000e+002  3.4543200e-002  2.5491400e-003  1.5829900e-001
  4.0000000e+002  3.7981000e-002  2.8000000e-003  1.7409000e-001
  4.0100000e+002  4.3016200e-002  3.1712400e-003  1.9729800e-001
  4.0200000e+002  4.8051400e-002  3.5424800e-003  2.2050600e-001
  4.0300000e+002  5.3086600e-002  3.9137200e-003  2.4371400e-001
  4.0400000e+002  5.8121800e-002  4.2849600e-003  2.6692200e-001
  4.0500000e+002  6.3157000e-002  4.6562000e-003  2.9013000e-001
  4.0600000e+002  7.0513800e-002  5.2049600e-003  3.2421000e-001
  4.0700000e+002  7.7870600e-002  5.7537200e-003  3.5829000e-001
  4.0800000e+002  8.5227400e-002  6.3024800e-003  3.9237000e-001
  4.0900000e+002  9.2584200e-002  6.8512400e-003  4.2645000e-001
  4.1000000e+002  9.9941000e-002  7.4000000e-003  4.6053000e-001
  4.1100000e+002  1.1160080e-001  8.2758000e-003  5.1475600e-001
  4.1200000e+002  1.2326060e-001  9.1516000e-003  5.6898200e-001
  4.1300000e+002  1.3492040e-001  1.0027400e-002  6.2320800e-001
  4.1400000e+002  1.4658020e-001  1.0903200e-002  6.7743400e-001
  4.1500000e+002  1.5824000e-001  1.1779000e-002  7.3166000e-001
  4.1600000e+002  1.7248800e-001  1.2923200e-002  7.9848800e-001
  4.1700000e+002  1.8673600e-001  1.4067400e-002  8.6531600e-001
  4.1800000e+002  2.0098400e-001  1.5211600e-002  9.3214400e-001
  4.1900000e+002  2.1523200e-001  1.6355800e-002  9.9897200e-001
  4.2000000e+002  2.2948000e-001  1.7500000e-002  1.0658000e+000
  4.2100000e+002  2.3980000e-001  1.8535600e-002  1.1155600e+000
  4.2200000e+002  2.5012000e-001  1.9571200e-002  1.1653200e+000
  4.2300000e+002  2.6044000e-001  2.0606800e-002  1.2150800e+000
  4.2400000e+002  2.7076000e-001  2.1642400e-002  1.2648400e+000
  4.2500000e+002  2.8108000e-001  2.2678000e-002  1.3146000e+000
  4.2600000e+002  2.8705400e-001  2.3602400e-002  1.3451200e+000
  4.2700000e+002  2.9302800e-001  2.4526800e-002  1.3756400e+000
  4.2800000e+002  2.9900200e-001  2.5451200e-002  1.4061600e+000
  4.2900000e+002  3.0497600e-001  2.6375600e-002  1.4366800e+000
  4.3000000e+002  3.1095000e-001  2.7300000e-002  1.4672000e+000
  4.3100000e+002  3.1490400e-001  2.8356800e-002  1.4896800e+000
  4.3200000e+002  3.1885800e-001  2.9413600e-002  1.5121600e+000
  4.3300000e+002  3.2281200e-001  3.0470400e-002  1.5346400e+000
  4.3400000e+002  3.2676600e-001  3.1527200e-002  1.5571200e+000
  4.3500000e+002  3.3072000e-001  3.2584000e-002  1.5796000e+000
  4.3600000e+002  3.3124800e-001  3.3647200e-002  1.5870000e+000
  4.3700000e+002  3.3177600e-001  3.4710400e-002  1.5944000e+000
  4.3800000e+002  3.3230400e-001  3.5773600e-002  1.6018000e+000
  4.3900000e+002  3.3283200e-001  3.6836800e-002  1.6092000e+000
  4.4000000e+002  3.3336000e-001  3.7900000e-002  1.6166000e+000
  4.4100000e+002  3.3003200e-001  3.8798200e-002  1.6069200e+000
  4.4200000e+002  3.2670400e-001  3.9696400e-002  1.5972400e+000
  4.4300000e+002  3.2337600e-001  4.0594600e-002  1.5875600e+000
  4.4400000e+002  3.2004800e-001  4.1492800e-002  1.5778800e+000
  4.4500000e+002  3.1672000e-001  4.2391000e-002  1.5682000e+000
  4.4600000e+002  3.1114000e-001  4.3272800e-002  1.5489000e+000
  4.4700000e+002  3.0556000e-001  4.4154600e-002  1.5296000e+000
  4.4800000e+002  2.9998000e-001  4.5036400e-002  1.5103000e+000
  4.4900000e+002  2.9440000e-001  4.5918200e-002  1.4910000e+000
  4.5000000e+002  2.8882000e-001  4.6800000e-002  1.4717000e+000
  4.5100000e+002  2.8299400e-001  4.7864400e-002  1.4521600e+000
  4.5200000e+002  2.7716800e-001  4.8928800e-002  1.4326200e+000
  4.5300000e+002  2.7134200e-001  4.9993200e-002  1.4130800e+000
  4.5400000e+002  2.6551600e-001  5.1057600e-002  1.3935400e+000
  4.5500000e+002  2.5969000e-001  5.2122000e-002  1.3740000e+000
  4.5600000e+002  2.5430400e-001  5.3697600e-002  1.3575400e+000
  4.5700000e+002  2.4891800e-001  5.5273200e-002  1.3410800e+000
  4.5800000e+002  2.4353200e-001  5.6848800e-002  1.3246200e+000
  4.5900000e+002  2.3814600e-001  5.8424400e-002  1.3081600e+000
  4.6000000e+002  2.3276000e-001  6.0000000e-002  1.2917000e+000
  4.6100000e+002  2.2820600e-001  6.2588400e-002  1.2804800e+000
  4.6200000e+002  2.2365200e-001  6.5176800e-002  1.2692600e+000
  4.6300000e+002  2.1909800e-001  6.7765200e-002  1.2580400e+000
  4.6400000e+002  2.1454400e-001  7.0353600e-002  1.2468200e+000
  4.6500000e+002  2.0999000e-001  7.2942000e-002  1.2356000e+000
  4.6600000e+002  2.0294400e-001  7.6549600e-002  1.2112400e+000
  4.6700000e+002  1.9589800e-001  8.0157200e-002  1.1868800e+000
  4.6800000e+002  1.8885200e-001  8.3764800e-002  1.1625200e+000
  4.6900000e+002  1.8180600e-001  8.7372400e-002  1.1381600e+000
  4.7000000e+002  1.7476000e-001  9.0980000e-002  1.1138000e+000
  4.7100000e+002  1.6638200e-001  9.5352000e-002  1.0794800e+000
  4.7200000e+002  1.5800400e-001  9.9724000e-002  1.0451600e+000
  4.7300000e+002  1.4962600e-001  1.0409600e-001  1.0108400e+000
  4.7400000e+002  1.4124800e-001  1.0846800e-001  9.7652000e-001
  4.7500000e+002  1.3287000e-001  1.1284000e-001  9.4220000e-001
  4.7600000e+002  1.2468480e-001  1.1807600e-001  9.0495200e-001
  4.7700000e+002  1.1649960e-001  1.2331200e-001  8.6770400e-001
  4.7800000e+002  1.0831440e-001  1.2854800e-001  8.3045600e-001
  4.7900000e+002  1.0012920e-001  1.3378400e-001  7.9320800e-001
  4.8000000e+002  9.1944000e-002  1.3902000e-001  7.5596000e-001
  4.8100000e+002  8.4952200e-002  1.4519000e-001  7.2204800e-001
  4.8200000e+002  7.7960400e-002  1.5136000e-001  6.8813600e-001
  4.8300000e+002  7.0968600e-002  1.5753000e-001  6.5422400e-001
  4.8400000e+002  6.3976800e-002  1.6370000e-001  6.2031200e-001
  4.8500000e+002  5.6985000e-002  1.6987000e-001  5.8640000e-001
  4.8600000e+002  5.1934200e-002  1.7750000e-001  5.5845800e-001
  4.8700000e+002  4.6883400e-002  1.8513000e-001  5.3051600e-001
  4.8800000e+002  4.1832600e-002  1.9276000e-001  5.0257400e-001
  4.8900000e+002  3.6781800e-002  2.0039000e-001  4.7463200e-001
  4.9000000e+002  3.1731000e-002  2.0802000e-001  4.4669000e-001
  4.9100000e+002  2.8307400e-002  2.1803200e-001  4.2558400e-001
  4.9200000e+002  2.4883800e-002  2.2804400e-001  4.0447800e-001
  4.9300000e+002  2.1460200e-002  2.3805600e-001  3.8337200e-001
  4.9400000e+002  1.8036600e-002  2.4806800e-001  3.6226600e-001
  4.9500000e+002  1.4613000e-002  2.5808000e-001  3.4116000e-001
  4.9600000e+002  1.2660220e-002  2.7106400e-001  3.2580200e-001
  4.9700000e+002  1.0707440e-002  2.8404800e-001  3.1044400e-001
  4.9800000e+002  8.7546600e-003  2.9703200e-001  2.9508600e-001
  4.9900000e+002  6.8018800e-003  3.1001600e-001  2.7972800e-001
  5.0000000e+002  4.8491000e-003  3.2300000e-001  2.6437000e-001
  5.0100000e+002  4.3435800e-003  3.3948000e-001  2.5268400e-001
  5.0200000e+002  3.8380600e-003  3.5596000e-001  2.4099800e-001
  5.0300000e+002  3.3325400e-003  3.7244000e-001  2.2931200e-001
  5.0400000e+002  2.8270200e-003  3.8892000e-001  2.1762600e-001
  5.0500000e+002  2.3215000e-003  4.0540000e-001  2.0594000e-001
  5.0600000e+002  3.7151800e-003  4.2492000e-001  1.9564200e-001
  5.0700000e+002  5.1088600e-003  4.4444000e-001  1.8534400e-001
  5.0800000e+002  6.5025400e-003  4.6396000e-001  1.7504600e-001
  5.0900000e+002  7.8962200e-003  4.8348000e-001  1.6474800e-001
  5.1000000e+002  9.2899000e-003  5.0300000e-001  1.5445000e-001
  5.1100000e+002  1.3287520e-002  5.2402200e-001  1.4539600e-001
  5.1200000e+002  1.7285140e-002  5.4504400e-001  1.3634200e-001
  5.1300000e+002  2.1282760e-002  5.6606600e-001  1.2728800e-001
  5.1400000e+002  2.5280380e-002  5.8708800e-001  1.1823400e-001
  5.1500000e+002  2.9278000e-002  6.0811000e-001  1.0918000e-001
  5.1600000e+002  3.6180600e-002  6.2848800e-001  1.0266100e-001
  5.1700000e+002  4.3083200e-002  6.4886600e-001  9.6142000e-002
  5.1800000e+002  4.9985800e-002  6.6924400e-001  8.9623000e-002
  5.1900000e+002  5.6888400e-002  6.8962200e-001  8.3104000e-002
  5.2000000e+002  6.3791000e-002  7.1000000e-001  7.6585000e-002
  5.2100000e+002  7.3194800e-002  7.2702000e-001  7.2513400e-002
  5.2200000e+002  8.2598600e-002  7.4404000e-001  6.8441800e-002
  5.2300000e+002  9.2002400e-002  7.6106000e-001  6.4370200e-002
  5.2400000e+002  1.0140620e-001  7.7808000e-001  6.0298600e-002
  5.2500000e+002  1.1081000e-001  7.9510000e-001  5.6227000e-002
  5.2600000e+002  1.2203200e-001  8.0848000e-001  5.3254800e-002
  5.2700000e+002  1.3325400e-001  8.2186000e-001  5.0282600e-002
  5.2800000e+002  1.4447600e-001  8.3524000e-001  4.7310400e-002
  5.2900000e+002  1.5569800e-001  8.4862000e-001  4.4338200e-002
  5.3000000e+002  1.6692000e-001  8.6200000e-001  4.1366000e-002
  5.3100000e+002  1.7907200e-001  8.7261000e-001  3.8963400e-002
  5.3200000e+002  1.9122400e-001  8.8322000e-001  3.6560800e-002
  5.3300000e+002  2.0337600e-001  8.9383000e-001  3.4158200e-002
  5.3400000e+002  2.1552800e-001  9.0444000e-001  3.1755600e-002
  5.3500000e+002  2.2768000e-001  9.1505000e-001  2.9353000e-002
  5.3600000e+002  2.4068200e-001  9.2284000e-001  2.7490800e-002
  5.3700000e+002  2.5368400e-001  9.3063000e-001  2.5628600e-002
  5.3800000e+002  2.6668600e-001  9.3842000e-001  2.3766400e-002
  5.3900000e+002  2.7968800e-001  9.4621000e-001  2.1904200e-002
  5.4000000e+002  2.9269000e-001  9.5400000e-001  2.0042000e-002
  5.4100000e+002  3.0660200e-001  9.5920800e-001  1.8696000e-002
  5.4200000e+002  3.2051400e-001  9.6441600e-001  1.7350000e-002
  5.4300000e+002  3.3442600e-001  9.6962400e-001  1.6004000e-002
  5.4400000e+002  3.4833800e-001  9.7483200e-001  1.4658000e-002
  5.4500000e+002  3.6225000e-001  9.8004000e-001  1.3312000e-002
  5.4600000e+002  3.7707000e-001  9.8302200e-001  1.2406060e-002
  5.4700000e+002  3.9189000e-001  9.8600400e-001  1.1500120e-002
  5.4800000e+002  4.0671000e-001  9.8898600e-001  1.0594180e-002
  5.4900000e+002  4.2153000e-001  9.9196800e-001  9.6882400e-003
  5.5000000e+002  4.3635000e-001  9.9495000e-001  8.7823000e-003
  5.5100000e+002  4.5210600e-001  9.9598000e-001  8.1973000e-003
  5.5200000e+002  4.6786200e-001  9.9701000e-001  7.6123000e-003
  5.5300000e+002  4.8361800e-001  9.9804000e-001  7.0273000e-003
  5.5400000e+002  4.9937400e-001  9.9907000e-001  6.4423000e-003
  5.5500000e+002  5.1513000e-001  1.0001000e+000  5.8573000e-003
  5.5600000e+002  5.3160000e-001  9.9908000e-001  5.4957000e-003
  5.5700000e+002  5.4807000e-001  9.9806000e-001  5.1341000e-003
  5.5800000e+002  5.6454000e-001  9.9704000e-001  4.7725000e-003
  5.5900000e+002  5.8101000e-001  9.9602000e-001  4.4109000e-003
  5.6000000e+002  5.9748000e-001  9.9500000e-001  4.0493000e-003
  5.6100000e+002  6.1422600e-001  9.9175000e-001  3.8237800e-003
  5.6200000e+002  6.3097200e-001  9.8850000e-001  3.5982600e-003
  5.6300000e+002  6.4771800e-001  9.8525000e-001  3.3727400e-003
  5.6400000e+002  6.6446400e-001  9.8200000e-001  3.1472200e-003
  5.6500000e+002  6.8121000e-001  9.7875000e-001  2.9217000e-003
  5.6600000e+002  6.9781800e-001  9.7340000e-001  2.7927800e-003
  5.6700000e+002  7.1442600e-001  9.6805000e-001  2.6638600e-003
  5.6800000e+002  7.3103400e-001  9.6270000e-001  2.5349400e-003
  5.6900000e+002  7.4764200e-001  9.5735000e-001  2.4060200e-003
  5.7000000e+002  7.6425000e-001  9.5200000e-001  2.2771000e-003
  5.7100000e+002  7.8018800e-001  9.4471600e-001  2.2158000e-003
  5.7200000e+002  7.9612600e-001  9.3743200e-001  2.1545000e-003
  5.7300000e+002  8.1206400e-001  9.3014800e-001  2.0932000e-003
  5.7400000e+002  8.2800200e-001  9.2286400e-001  2.0319000e-003
  5.7500000e+002  8.4394000e-001  9.1558000e-001  1.9706000e-003
  5.7600000e+002  8.5842200e-001  9.0646400e-001  1.9378000e-003
  5.7700000e+002  8.7290400e-001  8.9734800e-001  1.9050000e-003
  5.7800000e+002  8.8738600e-001  8.8823200e-001  1.8722000e-003
  5.7900000e+002  9.0186800e-001  8.7911600e-001  1.8394000e-003
  5.8000000e+002  9.1635000e-001  8.7000000e-001  1.8066000e-003
  5.8100000e+002  9.2848600e-001  8.5924600e-001  1.7542600e-003
  5.8200000e+002  9.4062200e-001  8.4849200e-001  1.7019200e-003
  5.8300000e+002  9.5275800e-001  8.3773800e-001  1.6495800e-003
  5.8400000e+002  9.6489400e-001  8.2698400e-001  1.5972400e-003
  5.8500000e+002  9.7703000e-001  8.1623000e-001  1.5449000e-003
  5.8600000e+002  9.8622400e-001  8.0438400e-001  1.4828800e-003
  5.8700000e+002  9.9541800e-001  7.9253800e-001  1.4208600e-003
  5.8800000e+002  1.0046120e+000  7.8069200e-001  1.3588400e-003
  5.8900000e+002  1.0138060e+000  7.6884600e-001  1.2968200e-003
  5.9000000e+002  1.0230000e+000  7.5700000e-001  1.2348000e-003
  5.9100000e+002  1.0286600e+000  7.4456600e-001  1.2113800e-003
  5.9200000e+002  1.0343200e+000  7.3213200e-001  1.1879600e-003
  5.9300000e+002  1.0399800e+000  7.1969800e-001  1.1645400e-003
  5.9400000e+002  1.0456400e+000  7.0726400e-001  1.1411200e-003
  5.9500000e+002  1.0513000e+000  6.9483000e-001  1.1177000e-003
  5.9600000e+002  1.0520400e+000  6.8206400e-001  1.0752880e-003
  5.9700000e+002  1.0527800e+000  6.6929800e-001  1.0328760e-003
  5.9800000e+002  1.0535200e+000  6.5653200e-001  9.9046400e-004
  5.9900000e+002  1.0542600e+000  6.4376600e-001  9.4805200e-004
  6.0000000e+002  1.0550000e+000  6.3100000e-001  9.0564000e-004
  6.0100000e+002  1.0512400e+000  6.1810800e-001  8.6344600e-004
  6.0200000e+002  1.0474800e+000  6.0521600e-001  8.2125200e-004
  6.0300000e+002  1.0437200e+000  5.9232400e-001  7.7905800e-004
  6.0400000e+002  1.0399600e+000  5.7943200e-001  7.3686400e-004
  6.0500000e+002  1.0362000e+000  5.6654000e-001  6.9467000e-004
  6.0600000e+002  1.0274380e+000  5.5383200e-001  6.4150600e-004
  6.0700000e+002  1.0186760e+000  5.4112400e-001  5.8834200e-004
  6.0800000e+002  1.0099140e+000  5.2841600e-001  5.3517800e-004
  6.0900000e+002  1.0011520e+000  5.1570800e-001  4.8201400e-004
  6.1000000e+002  9.9239000e-001  5.0300000e-001  4.2885000e-004
  6.1100000e+002  9.7963400e-001  4.9074400e-001  4.0671400e-004
  6.1200000e+002  9.6687800e-001  4.7848800e-001  3.8457800e-004
  6.1300000e+002  9.5412200e-001  4.6623200e-001  3.6244200e-004
  6.1400000e+002  9.4136600e-001  4.5397600e-001  3.4030600e-004
  6.1500000e+002  9.2861000e-001  4.4172000e-001  3.1817000e-004
  6.1600000e+002  9.1158000e-001  4.2957600e-001  3.0573200e-004
  6.1700000e+002  8.9455000e-001  4.1743200e-001  2.9329400e-004
  6.1800000e+002  8.7752000e-001  4.0528800e-001  2.8085600e-004
  6.1900000e+002  8.6049000e-001  3.9314400e-001  2.6841800e-004
  6.2000000e+002  8.4346000e-001  3.8100000e-001  2.5598000e-004
  6.2100000e+002  8.2273400e-001  3.6890400e-001  2.3614200e-004
  6.2200000e+002  8.0200800e-001  3.5680800e-001  2.1630400e-004
  6.2300000e+002  7.8128200e-001  3.4471200e-001  1.9646600e-004
  6.2400000e+002  7.6055600e-001  3.3261600e-001  1.7662800e-004
  6.2500000e+002  7.3983000e-001  3.2052000e-001  1.5679000e-004
  6.2600000e+002  7.1844200e-001  3.0941600e-001  1.4497080e-004
  6.2700000e+002  6.9705400e-001  2.9831200e-001  1.3315160e-004
  6.2800000e+002  6.7566600e-001  2.8720800e-001  1.2133240e-004
  6.2900000e+002  6.5427800e-001  2.7610400e-001  1.0951320e-004
  6.3000000e+002  6.3289000e-001  2.6500000e-001  9.7694000e-005
  6.3100000e+002  6.1301400e-001  2.5540400e-001  9.1944000e-005
  6.3200000e+002  5.9313800e-001  2.4580800e-001  8.6194000e-005
  6.3300000e+002  5.7326200e-001  2.3621200e-001  8.0444000e-005
  6.3400000e+002  5.5338600e-001  2.2661600e-001  7.4694000e-005
  6.3500000e+002  5.3351000e-001  2.1702000e-001  6.8944000e-005
  6.3600000e+002  5.1493200e-001  2.0861600e-001  6.5388200e-005
  6.3700000e+002  4.9635400e-001  2.0021200e-001  6.1832400e-005
  6.3800000e+002  4.7777600e-001  1.9180800e-001  5.8276600e-005
  6.3900000e+002  4.5919800e-001  1.8340400e-001  5.4720800e-005
  6.4000000e+002  4.4062000e-001  1.7500000e-001  5.1165000e-005
  6.4100000e+002  4.2340200e-001  1.6762400e-001  4.8135200e-005
  6.4200000e+002  4.0618400e-001  1.6024800e-001  4.5105400e-005
  6.4300000e+002  3.8896600e-001  1.5287200e-001  4.2075600e-005
  6.4400000e+002  3.7174800e-001  1.4549600e-001  3.9045800e-005
  6.4500000e+002  3.5453000e-001  1.3812000e-001  3.6016000e-005
  6.4600000e+002  3.3934800e-001  1.3189600e-001  3.3660400e-005
  6.4700000e+002  3.2416600e-001  1.2567200e-001  3.1304800e-005
  6.4800000e+002  3.0898400e-001  1.1944800e-001  2.8949200e-005
  6.4900000e+002  2.9380200e-001  1.1322400e-001  2.6593600e-005
  6.5000000e+002  2.7862000e-001  1.0700000e-001  2.4238000e-005
  6.5100000e+002  2.6586600e-001  1.0193040e-001  2.2773400e-005
  6.5200000e+002  2.5311200e-001  9.6860800e-002  2.1308800e-005
  6.5300000e+002  2.4035800e-001  9.1791200e-002  1.9844200e-005
  6.5400000e+002  2.2760400e-001  8.6721600e-002  1.8379600e-005
  6.5500000e+002  2.1485000e-001  8.1652000e-002  1.6915000e-005
  6.5600000e+002  2.0420200e-001  7.7521600e-002  1.5913200e-005
  6.5700000e+002  1.9355400e-001  7.3391200e-002  1.4911400e-005
  6.5800000e+002  1.8290600e-001  6.9260800e-002  1.3909600e-005
  6.5900000e+002  1.7225800e-001  6.5130400e-002  1.2907800e-005
  6.6000000e+002  1.6161000e-001  6.1000000e-002  1.1906000e-005
  6.6100000e+002  1.5292800e-001  5.7665400e-002  1.1154580e-005
  6.6200000e+002  1.4424600e-001  5.4330800e-002  1.0403160e-005
  6.6300000e+002  1.3556400e-001  5.0996200e-002  9.6517400e-006
  6.6400000e+002  1.2688200e-001  4.7661600e-002  8.9003200e-006
  6.6500000e+002  1.1820000e-001  4.4327000e-002  8.1489000e-006
  6.6600000e+002  1.1171060e-001  4.1861600e-002  7.6392400e-006
  6.6700000e+002  1.0522120e-001  3.9396200e-002  7.1295800e-006
  6.6800000e+002  9.8731800e-002  3.6930800e-002  6.6199200e-006
  6.6900000e+002  9.2242400e-002  3.4465400e-002  6.1102600e-006
  6.7000000e+002  8.5753000e-002  3.2000000e-002  5.6006000e-006
  6.7100000e+002  8.1217800e-002  3.0290800e-002  5.2713600e-006
  6.7200000e+002  7.6682600e-002  2.8581600e-002  4.9421200e-006
  6.7300000e+002  7.2147400e-002  2.6872400e-002  4.6128800e-006
  6.7400000e+002  6.7612200e-002  2.5163200e-002  4.2836400e-006
  6.7500000e+002  6.3077000e-002  2.3454000e-002  3.9544000e-006
  6.7600000e+002  5.9628400e-002  2.2163200e-002  3.7217600e-006
  6.7700000e+002  5.6179800e-002  2.0872400e-002  3.4891200e-006
  6.7800000e+002  5.2731200e-002  1.9581600e-002  3.2564800e-006
  6.7900000e+002  4.9282600e-002  1.8290800e-002  3.0238400e-006
  6.8000000e+002  4.5834000e-002  1.7000000e-002  2.7912000e-006
  6.8100000e+002  4.3078600e-002  1.5974400e-002  2.6164800e-006
  6.8200000e+002  4.0323200e-002  1.4948800e-002  2.4417600e-006
  6.8300000e+002  3.7567800e-002  1.3923200e-002  2.2670400e-006
  6.8400000e+002  3.4812400e-002  1.2897600e-002  2.0923200e-006
  6.8500000e+002  3.2057000e-002  1.1872000e-002  1.9176000e-006
  6.8600000e+002  3.0083000e-002  1.1139600e-002  1.7967800e-006
  6.8700000e+002  2.8109000e-002  1.0407200e-002  1.6759600e-006
  6.8800000e+002  2.6135000e-002  9.6748000e-003  1.5551400e-006
  6.8900000e+002  2.4161000e-002  8.9424000e-003  1.4343200e-006
  6.9000000e+002  2.2187000e-002  8.2100000e-003  1.3135000e-006
  6.9100000e+002  2.0872000e-002  7.7224600e-003  1.2338380e-006
  6.9200000e+002  1.9557000e-002  7.2349200e-003  1.1541760e-006
  6.9300000e+002  1.8242000e-002  6.7473800e-003  1.0745140e-006
  6.9400000e+002  1.6927000e-002  6.2598400e-003  9.9485200e-007
  6.9500000e+002  1.5612000e-002  5.7723000e-003  9.1519000e-007
  6.9600000e+002  1.4709200e-002  5.4382400e-003  8.6168600e-007
  6.9700000e+002  1.3806400e-002  5.1041800e-003  8.0818200e-007
  6.9800000e+002  1.2903600e-002  4.7701200e-003  7.5467800e-007
  6.9900000e+002  1.2000800e-002  4.4360600e-003  7.0117400e-007
  7.0000000e+002  1.1098000e-002  4.1020000e-003  6.4767000e-007
  7.0100000e+002  1.0463060e-002  3.8674200e-003  6.1084000e-007
  7.0200000e+002  9.8281200e-003  3.6328400e-003  5.7401000e-007
  7.0300000e+002  9.1931800e-003  3.3982600e-003  5.3718000e-007
  7.0400000e+002  8.5582400e-003  3.1636800e-003  5.0035000e-007
  7.0500000e+002  7.9233000e-003  2.9291000e-003  4.6352000e-007
  7.0600000e+002  7.4692600e-003  2.7614800e-003  4.3742400e-007
  7.0700000e+002  7.0152200e-003  2.5938600e-003  4.1132800e-007
  7.0800000e+002  6.5611800e-003  2.4262400e-003  3.8523200e-007
  7.0900000e+002  6.1071400e-003  2.2586200e-003  3.5913600e-007
  7.1000000e+002  5.6531000e-003  2.0910000e-003  3.3304000e-007
  7.1100000e+002  5.3232600e-003  1.9692400e-003  3.1407800e-007
  7.1200000e+002  4.9934200e-003  1.8474800e-003  2.9511600e-007
  7.1300000e+002  4.6635800e-003  1.7257200e-003  2.7615400e-007
  7.1400000e+002  4.3337400e-003  1.6039600e-003  2.5719200e-007
  7.1500000e+002  4.0039000e-003  1.4822000e-003  2.3823000e-007
  7.1600000e+002  3.7681800e-003  1.3951600e-003  2.2463600e-007
  7.1700000e+002  3.5324600e-003  1.3081200e-003  2.1104200e-007
  7.1800000e+002  3.2967400e-003  1.2210800e-003  1.9744800e-007
  7.1900000e+002  3.0610200e-003  1.1340400e-003  1.8385400e-007
  7.2000000e+002  2.8253000e-003  1.0470000e-003  1.7026000e-007
  7.2100000e+002  2.6591800e-003  9.8563000e-004  1.6062200e-007
  7.2200000e+002  2.4930600e-003  9.2426000e-004  1.5098400e-007
  7.2300000e+002  2.3269400e-003  8.6289000e-004  1.4134600e-007
  7.2400000e+002  2.1608200e-003  8.0152000e-004  1.3170800e-007
  7.2500000e+002  1.9947000e-003  7.4015000e-004  1.2207000e-007
  7.2600000e+002  1.8756400e-003  6.9612000e-004  1.1507740e-007
  7.2700000e+002  1.7565800e-003  6.5209000e-004  1.0808480e-007
  7.2800000e+002  1.6375200e-003  6.0806000e-004  1.0109220e-007
  7.2900000e+002  1.5184600e-003  5.6403000e-004  9.4099600e-008
  7.3000000e+002  1.3994000e-003  5.2000000e-004  8.7107000e-008
  7.3100000e+002  1.3134800e-003  4.8818600e-004  8.1976600e-008
  7.3200000e+002  1.2275600e-003  4.5637200e-004  7.6846200e-008
  7.3300000e+002  1.1416400e-003  4.2455800e-004  7.1715800e-008
  7.3400000e+002  1.0557200e-003  3.9274400e-004  6.6585400e-008
  7.3500000e+002  9.6980000e-004  3.6093000e-004  6.1455000e-008
  7.3600000e+002  9.0953400e-004  3.3858400e-004  5.7796400e-008
  7.3700000e+002  8.4926800e-004  3.1623800e-004  5.4137800e-008
  7.3800000e+002  7.8900200e-004  2.9389200e-004  5.0479200e-008
  7.3900000e+002  7.2873600e-004  2.7154600e-004  4.6820600e-008
  7.4000000e+002  6.6847000e-004  2.4920000e-004  4.3162000e-008
  7.4100000e+002  6.2705800e-004  2.3382200e-004  4.0605400e-008
  7.4200000e+002  5.8564600e-004  2.1844400e-004  3.8048800e-008
  7.4300000e+002  5.4423400e-004  2.0306600e-004  3.5492200e-008
  7.4400000e+002  5.0282200e-004  1.8768800e-004  3.2935600e-008
  7.4500000e+002  4.6141000e-004  1.7231000e-004  3.0379000e-008
  7.4600000e+002  4.3327400e-004  1.6184800e-004  2.8614000e-008
  7.4700000e+002  4.0513800e-004  1.5138600e-004  2.6849000e-008
  7.4800000e+002  3.7700200e-004  1.4092400e-004  2.5084000e-008
  7.4900000e+002  3.4886600e-004  1.3046200e-004  2.3319000e-008
  7.5000000e+002  3.2073000e-004  1.2000000e-004  2.1554000e-008
  7.5100000e+002  3.0173000e-004  1.1292400e-004  2.0341800e-008
  7.5200000e+002  2.8273000e-004  1.0584800e-004  1.9129600e-008
  7.5300000e+002  2.6373000e-004  9.8772000e-005  1.7917400e-008
  7.5400000e+002  2.4473000e-004  9.1696000e-005  1.6705200e-008
  7.5500000e+002  2.2573000e-004  8.4620000e-005  1.5493000e-008
  7.5600000e+002  2.1253000e-004  7.9696000e-005  1.4635200e-008
  7.5700000e+002  1.9933000e-004  7.4772000e-005  1.3777400e-008
  7.5800000e+002  1.8613000e-004  6.9848000e-005  1.2919600e-008
  7.5900000e+002  1.7293000e-004  6.4924000e-005  1.2061800e-008
  7.6000000e+002  1.5973000e-004  6.0000000e-005  1.1204000e-008
  7.6100000e+002  1.5033400e-004  5.6489200e-005  1.0580660e-008
  7.6200000e+002  1.4093800e-004  5.2978400e-005  9.9573200e-009
  7.6300000e+002  1.3154200e-004  4.9467600e-005  9.3339800e-009
  7.6400000e+002  1.2214600e-004  4.5956800e-005  8.7106400e-009
  7.6500000e+002  1.1275000e-004  4.2446000e-005  8.0873000e-009
  7.6600000e+002  1.0610260e-004  3.9956800e-005  7.6366400e-009
  7.6700000e+002  9.9455200e-005  3.7467600e-005  7.1859800e-009
  7.6800000e+002  9.2807800e-005  3.4978400e-005  6.7353200e-009
  7.6900000e+002  8.6160400e-005  3.2489200e-005  6.2846600e-009
  7.7000000e+002  7.9513000e-005  3.0000000e-005  5.8340000e-009
  7.7100000e+002  7.4827800e-005  2.8242000e-005  5.5094000e-009
  7.7200000e+002  7.0142600e-005  2.6484000e-005  5.1848000e-009
  7.7300000e+002  6.5457400e-005  2.4726000e-005  4.8602000e-009
  7.7400000e+002  6.0772200e-005  2.2968000e-005  4.5356000e-009
  7.7500000e+002  5.6087000e-005  2.1210000e-005  4.2110000e-009
  7.7600000e+002  5.2777800e-005  1.9965800e-005  3.9764600e-009
  7.7700000e+002  4.9468600e-005  1.8721600e-005  3.7419200e-009
  7.7800000e+002  4.6159400e-005  1.7477400e-005  3.5073800e-009
  7.7900000e+002  4.2850200e-005  1.6233200e-005  3.2728400e-009
  7.8000000e+002  3.9541000e-005  1.4989000e-005  3.0383000e-009
  7.8100000e+002  3.7203200e-005  1.4108000e-005  2.8687800e-009
  7.8200000e+002  3.4865400e-005  1.3227000e-005  2.6992600e-009
  7.8300000e+002  3.2527600e-005  1.2346000e-005  2.5297400e-009
  7.8400000e+002  3.0189800e-005  1.1465000e-005  2.3602200e-009
  7.8500000e+002  2.7852000e-005  1.0584000e-005  2.1907000e-009
  7.8600000e+002  2.6201000e-005  9.9603200e-006  2.0681200e-009
  7.8700000e+002  2.4550000e-005  9.3366400e-006  1.9455400e-009
  7.8800000e+002  2.2899000e-005  8.7129600e-006  1.8229600e-009
  7.8900000e+002  2.1248000e-005  8.0892800e-006  1.7003800e-009
  7.9000000e+002  1.9597000e-005  7.4656000e-006  1.5778000e-009
  7.9100000e+002  1.8431600e-005  7.0243200e-006  1.4892000e-009
  7.9200000e+002  1.7266200e-005  6.5830400e-006  1.4006000e-009
  7.9300000e+002  1.6100800e-005  6.1417600e-006  1.3120000e-009
  7.9400000e+002  1.4935400e-005  5.7004800e-006  1.2234000e-009
  7.9500000e+002  1.3770000e-005  5.2592000e-006  1.1348000e-009
  7.9600000e+002  1.2950000e-005  4.9479200e-006  1.0709700e-009
  7.9700000e+002  1.2130000e-005  4.6366400e-006  1.0071400e-009
  7.9800000e+002  1.1310000e-005  4.3253600e-006  9.4331000e-010
  7.9900000e+002  1.0490000e-005  4.0140800e-006  8.7948000e-010
  8.0000000e+002  9.6700000e-006  3.7028000e-006  8.1565000e-010
  8.0100000e+002  9.0943600e-006  3.4837600e-006  7.6977200e-010
  8.0200000e+002  8.5187200e-006  3.2647200e-006  7.2389400e-010
  8.0300000e+002  7.9430800e-006  3.0456800e-006  6.7801600e-010
  8.0400000e+002  7.3674400e-006  2.8266400e-006  6.3213800e-010
  8.0500000e+002  6.7918000e-006  2.6076000e-006  5.8626000e-010
  8.0600000e+002  6.3875600e-006  2.4533800e-006  5.5328400e-010
  8.0700000e+002  5.9833200e-006  2.2991600e-006  5.2030800e-010
  8.0800000e+002  5.5790800e-006  2.1449400e-006  4.8733200e-010
  8.0900000e+002  5.1748400e-006  1.9907200e-006  4.5435600e-010
  8.1000000e+002  4.7706000e-006  1.8365000e-006  4.2138000e-010
  8.1100000e+002  4.4874800e-006  1.7282000e-006  3.9774200e-010
  8.1200000e+002  4.2043600e-006  1.6199000e-006  3.7410400e-010
  8.1300000e+002  3.9212400e-006  1.5116000e-006  3.5046600e-010
  8.1400000e+002  3.6381200e-006  1.4033000e-006  3.2682800e-010
  8.1500000e+002  3.3550000e-006  1.2950000e-006  3.0319000e-010
  8.1600000e+002  3.1546800e-006  1.2181840e-006  2.8605800e-010
  8.1700000e+002  2.9543600e-006  1.1413680e-006  2.6892600e-010
  8.1800000e+002  2.7540400e-006  1.0645520e-006  2.5179400e-010
  8.1900000e+002  2.5537200e-006  9.8773600e-007  2.3466200e-010
  8.2000000e+002  2.3534000e-006  9.1092000e-007  2.1753000e-010
  8.2100000e+002  2.2102600e-006  8.5586400e-007  2.0497600e-010
  8.2200000e+002  2.0671200e-006  8.0080800e-007  1.9242200e-010
  8.2300000e+002  1.9239800e-006  7.4575200e-007  1.7986800e-010
  8.2400000e+002  1.7808400e-006  6.9069600e-007  1.6731400e-010
  8.2500000e+002  1.6377000e-006  6.3564000e-007  1.5476000e-010
