  3.8000000e+002  2.6899000e-003  2.0000000e-004  1.2260000e-002
  3.8400000e+002  4.7863800e-003  3.5644800e-004  2.1829600e-002
  3.8800000e+002  8.5928000e-003  6.3822400e-004  3.9238800e-002
  3.9200000e+002  1.4785400e-002  1.0982800e-003  6.7604000e-002
  3.9600000e+002  2.4229800e-002  1.7965600e-003  1.1092600e-001
  4.0000000e+002  3.7981000e-002  2.8000000e-003  1.7409000e-001
  4.0400000e+002  5.8121800e-002  4.2849600e-003  2.6692200e-001
  4.0800000e+002  8.5227400e-002  6.3024800e-003  3.9237000e-001
  4.1200000e+002  1.2326060e-001  9.1516000e-003  5.6898200e-001
  4.1600000e+002  1.7248800e-001  1.2923200e-002  7.9848800e-001
  4.2000000e+002  2.2948000e-001  1.7500000e-002  1.0658000e+000
  4.2400000e+002  2.7076000e-001  2.1642400e-002  1.2648400e+000
  4.2800000e+002  2.9900200e-001  2.5451200e-002  1.4061600e+000
  4.3200000e+002  3.1885800e-001  2.9413600e-002  1.5121600e+000
  4.3600000e+002  3.3124800e-001  3.3647200e-002  1.5870000e+000
  4.4000000e+002  3.3336000e-001  3.7900000e-002  1.6166000e+000
  4.4400000e+002  3.2004800e-001  4.1492800e-002  1.5778800e+000
  4.4800000e+002  2.9998000e-001  4.5036400e-002  1.5103000e+000
  4.5200000e+002  2.7716800e-001  4.8928800e-002  1.4326200e+000
  4.5600000e+002  2.5430400e-001  5.3697600e-002  1.3575400e+000
  4.6000000e+002  2.3276000e-001  6.0000000e-002  1.2917000e+000
  4.6400000e+002  2.1454400e-001  7.0353600e-002  1.2468200e+000
  4.6800000e+002  1.8885200e-001  8.3764800e-002  1.1625200e+000
  4.7200000e+002  1.5800400e-001  9.9724000e-002  1.0451600e+000
  4.7600000e+002  1.2468480e-001  1.1807600e-001  9.0495200e-001
  4.8000000e+002  9.1944000e-002  1.3902000e-001  7.5596000e-001
  4.8400000e+002  6.3976800e-002  1.6370000e-001  6.2031200e-001
  4.8800000e+002  4.1832600e-002  1.9276000e-001  5.0257400e-001
  4.9200000e+002  2.4883800e-002  2.2804400e-001  4.0447800e-001
  4.9600000e+002  1.2660220e-002  2.7106400e-001  3.2580200e-001
  5.0000000e+002  4.8491000e-003  3.2300000e-001  2.6437000e-001
  5.0400000e+002  2.8270200e-003  3.8892000e-001  2.1762600e-001
  5.0800000e+002  6.5025400e-003  4.6396000e-001  1.7504600e-001
  5.1200000e+002  1.7285140e-002  5.4504400e-001  1.3634200e-001
  5.1600000e+002  3.6180600e-002  6.2848800e-001  1.0266100e-001
  5.2000000e+002  6.3791000e-002  7.1000000e-001  7.6585000e-002
  5.2400000e+002  1.0140620e-001  7.7808000e-001  6.0298600e-002
  5.2800000e+002  1.4447600e-001  8.3524000e-001  4.7310400e-002
  5.3200000e+002  1.9122400e-001  8.8322000e-001  3.6560800e-002
  5.3600000e+002  2.4068200e-001  9.2284000e-001  2.7490800e-002
  5.4000000e+002  2.9269000e-001  9.5400000e-001  2.0042000e-002
  5.4400000e+002  3.4833800e-001  9.7483200e-001  1.4658000e-002
  5.4800000e+002  4.0671000e-001  9.8898600e-001  1.0594180e-002
  5.5200000e+002  4.6786200e-001  9.9701000e-001  7.6123000e-003
  5.5600000e+002  5.3160000e-001  9.9908000e-001  5.4957000e-003
  5.6000000e+002  5.9748000e-001  9.9500000e-001  4.0493000e-003
  5.6400000e+002  6.6446400e-001  9.8200000e-001  3.1472200e-003
  5.6800000e+002  7.3103400e-001  9.6270000e-001  2.5349400e-003
  5.7200000e+002  7.9612600e-001  9.3743200e-001  2.1545000e-003
  5.7600000e+002  8.5842200e-001  9.0646400e-001  1.9378000e-003
  5.8000000e+002  9.1635000e-001  8.7000000e-001  1.8066000e-003
  5.8400000e+002  9.6489400e-001  8.2698400e-001  1.5972400e-003
  5.8800000e+002  1.0046120e+000  7.8069200e-001  1.3588400e-003
  5.9200000e+002  1.0343200e+000  7.3213200e-001  1.1879600e-003
  5.9600000e+002  1.0520400e+000  6.8206400e-001  1.0752880e-003
  6.0000000e+002  1.0550000e+000  6.3100000e-001  9.0564000e-004
  6.0400000e+002  1.0399600e+000  5.7943200e-001  7.3686400e-004
  6.0800000e+002  1.0099140e+000  5.2841600e-001  5.3517800e-004
  6.1200000e+002  9.6687800e-001  4.7848800e-001  3.8457800e-004
  6.1600000e+002  9.1158000e-001  4.2957600e-001  3.0573200e-004
  6.2000000e+002  8.4346000e-001  3.8100000e-001  2.5598000e-004
  6.2400000e+002  7.6055600e-001  3.3261600e-001  1.7662800e-004
  6.2800000e+002  6.7566600e-001  2.8720800e-001  1.2133240e-004
  6.3200000e+002  5.9313800e-001  2.4580800e-001  8.6194000e-005
  6.3600000e+002  5.1493200e-001  2.0861600e-001  6.5388200e-005
  6.4000000e+002  4.4062000e-001  1.7500000e-001  5.1165000e-005
  6.4400000e+002  3.7174800e-001  1.4549600e-001  3.9045800e-005
  6.4800000e+002  3.0898400e-001  1.1944800e-001  2.8949200e-005
  6.5200000e+002  2.5311200e-001  9.6860800e-002  2.1308800e-005
  6.5600000e+002  2.0420200e-001  7.7521600e-002  1.5913200e-005
  6.6000000e+002  1.6161000e-001  6.1000000e-002  1.1906000e-005
  6.6400000e+002  1.2688200e-001  4.7661600e-002  8.9003200e-006
  6.6800000e+002  9.8731800e-002  3.6930800e-002  6.6199200e-006
  6.7200000e+002  7.6682600e-002  2.8581600e-002  4.9421200e-006
  6.7600000e+002  5.9628400e-002  2.2163200e-002  3.7217600e-006
  6.8000000e+002  4.5834000e-002  1.7000000e-002  2.7912000e-006
  6.8400000e+002  3.4812400e-002  1.2897600e-002  2.0923200e-006
  6.8800000e+002  2.6135000e-002  9.6748000e-003  1.5551400e-006
  6.9200000e+002  1.9557000e-002  7.2349200e-003  1.1541760e-006
  6.9600000e+002  1.4709200e-002  5.4382400e-003  8.6168600e-007
  7.0000000e+002  1.1098000e-002  4.1020000e-003  6.4767000e-007
  7.0400000e+002  8.5582400e-003  3.1636800e-003  5.0035000e-007
  7.0800000e+002  6.5611800e-003  2.4262400e-003  3.8523200e-007
  7.1200000e+002  4.9934200e-003  1.8474800e-003  2.9511600e-007
  7.1600000e+002  3.7681800e-003  1.3951600e-003  2.2463600e-007
  7.2000000e+002  2.8253000e-003  1.0470000e-003  1.7026000e-007
  7.2400000e+002  2.1608200e-003  8.0152000e-004  1.3170800e-007
  7.2800000e+002  1.6375200e-003  6.0806000e-004  1.0109220e-007
  7.3200000e+002  1.2275600e-003  4.5637200e-004  7.6846200e-008
  7.3600000e+002  9.0953400e-004  3.3858400e-004  5.7796400e-008
  7.4000000e+002  6.6847000e-004  2.4920000e-004  4.3162000e-008
  7.4400000e+002  5.0282200e-004  1.8768800e-004  3.2935600e-008
  7.4800000e+002  3.7700200e-004  1.4092400e-004  2.5084000e-008
  7.5200000e+002  2.8273000e-004  1.0584800e-004  1.9129600e-008
  7.5600000e+002  2.1253000e-004  7.9696000e-005  1.4635200e-008
  7.6000000e+002  1.5973000e-004  6.0000000e-005  1.1204000e-008
  7.6400000e+002  1.2214600e-004  4.5956800e-005  8.7106400e-009
  7.6800000e+002  9.2807800e-005  3.4978400e-005  6.7353200e-009
  7.7200000e+002  7.0142600e-005  2.6484000e-005  5.1848000e-009
  7.7600000e+002  5.2777800e-005  1.9965800e-005  3.9764600e-009
  7.8000000e+002  3.9541000e-005  1.4989000e-005  3.0383000e-009
